signed char w1 [] = {
58,-65,7,49,42,90,-91,-127,-58,53,3,48,-67,68,51,-32,
17,-75,-46,-54,-67,34,24,-70,-81,54,-15,-23,19,34,-60,1,
-20,65,-29,21,40,-24,73,67,83,66,-30,-58,-70,58,18,-42,
36,28,-49,-23,-18,57,-47,-25,72,68,58,-18,-49,34,14,-84,
31,-35,40,27,-46,22,-91,-73,-9,-22,-67,-83,-43,48,51,-6,
28,-1,-4,84,-36,-6,-12,-12,-20,-26,13,-78,50,-59,-41,64,
5,-75,80,73,33,30,-84,-70,-84,0,-23,-63,-63,32,16,50,
-55,21,-43,8,-25,32,-74,-124,-19,-46,72,71,-50,-3,-67,32,
20,-2,-50,33,-17,44,-23,-2,-77,-72,68,29,33,-30,38,61,
28,-2,-4,-62,22,30,23,28,-69,-42,-40,-56,80,8,74,-6,
70,29,-36,-44,31,49,-45,-24,-30,-53,30,14,-4,-3,-84,-84,
-24,5,-28,-72,-19,-77,-41,50,10,-17,-53,-4,50,-52,66,47,
7,-50,-24,-54,19,-99,-42,-9,1,3,-31,-31,-60,-91,-29,-76,
-66,21,-5,9,8,-25,94,95,5,44,37,4,66,70,39,32,
68,-19,-4,-63,38,26,59,-1,-74,-48,1,10,-33,-9,72,27,
-78,10,15,-48,22,47,-19,-47,-46,43,76,72,65,-52,68,23,
-74,-23,-12,90,-29,25,-48,-71,20,-83,69,41,-69,-28,-68,11,
51,57,-19,37,-58,52,-42,-52,25,-38,-17,66,70,72,-18,-3,
-16,-46,33,-27,34,12,-73,15,-45,-5,65,70,52,-2,7,46,
14,-1,-52,-62,24,65,-7,-70,-71,56,-43,24,-73,51,37,44,
-30,-87,-8,-39,33,55,-78,-43,32,2,-35,-84,-65,33,81,-2,
-20,41,52,-3,-49,-49,-70,-10,-28,71,90,46,7,-65,13,-59,
15,-12,32,73,-72,54,60,-73,64,-23,36,1,67,16,29,-68,
-57,61,-55,15,34,-78,-73,-40,4,45,-21,7,78,-35,0,8,
-89,-66,-63,-74,40,-17,6,-4,40,2,8,55,17,-4,-17,5,
60,42,81,31,-94,-59,-68,-27,-107,-41,54,-9,54,-1,26,73,
-96,-90,40,34,7,24,-25,80,25,-12,-41,20,64,-14,-51,-59,
42,-14,-1,22,93,30,-114,-40,15,-31,1,-71,-3,-33,23,82,
-59,-32,-72,20,57,35,50,96,-72,61,-5,-45,-25,33,16,-17,
-62,13,-31,33,1,42,32,-26,38,17,-80,41,-62,22,80,-58,
60,4,-24,-56,-28,8,-68,25,-61,-2,-30,17,-12,49,-55,-68,
17,-67,-44,23,-90,44,17,-69,-85,-122,-5,68,-43,4,15,-70,
0,0,0,0,0,0,0,0,0,0,0,0,0,0,0,0,0,0,0,0,0,0,0,0,0,0,0,0,0,0,0,0,0,0,0,0,0,0,0,0,0,0,0,0,0,0,0,0,0,0,0,0,0,0,0,0,0,0,0,0,0,0,0,0,0,0,0,0,0,0,0,0,0,0,0,0,0,0,0,0,0,0,0,0,0,0,0,0,0,0,0,0,0,0,0,0,0,0,0,0,0,0,0,0,0,0,0,0,0,0,0,0,0,0,0,0,0,0,0,0,0,0,0,0,0,0,0,0,0,0,0,0,0,0,0,0,0,0,0,0,0,0,0,0,0,0,0,0,0,0,0,0,0,0,0,0,0,0,0,0,0,0,0,0,0,0,0,0,0,0,0,0,0,0,0,0,0,0,0,0,0,0,0,0,0,0,0,0,0,0,0,0,0,0,0,0,0,0,0,0,0,0,0,0,0,0,0,0,0,0,0,0,0,0,0,0,0,0,0,0,0,0,0,0,0,0,0,0,0,0,0,0,0,0,0,0,0,0,0,0,0,0,0,0,0,0,0,0,0,0,0,0,0,0,0,0,0,0,0,0,0,0,0,0,0,0,0,0,0,0,0,0,0,0,0,0,0,0,0,0,0,0,0,0,0,0,0,0,0,0,0,0,0,0,0,0,0,0,0,0,0,0,0,0,0,0,0,0,0,0,0,0,0,0,0,0,0,0,0,0,0,0,0,0,0,0,0,0,0,0,0,0,0,0,0,0,0,0,0,0,0,0,0,0,0,0,0,0,0,0,0,0,0,0,0,0,0,0,0,0,0,0,0,0,0,0,0,0,0,0,0,0,0,0,0,0,0,0,0,0,0,0,0,0,0,0,0,0,0,0,0,0,0,0,0,0,0,0,0,0,0,0,0,0,0,0,0,0,0,0,0,0,0,0,0,0,0,0,0,0,0,0,0,0,0,0,0,0,0,0,0,0,0,0,0,0,0,0,0,0,0,0,0,0,0,0,0,0,0,0,0,0,0,0,0,0,0,0,0,0,0,0,0,0,0,0,0,0,0,0,0,0,0,0,0,0,0,0,0,0,0,0,0,0,0,0,0,0,0,0,0,0,0,0,0,0,0,0,0,0,0,0,0,0,0,0,0,0,0,0,0,0,0,0,0,0,0,0,0,0,0,0,0,0,0,0,0,0,0,0,0,0,0,0,0,0,0,0,0,0,0,0,0,0,0,0,0,0,0,0,0,0,0,0,0,0,0,0,0,0,0,0,0,0,0,0,0,0,0,0,0,0,0,0,0,0,0,0,0,0,0,0,0,0,0,0,0,0,0,0,0,0,0,0,0,0,0,0,0,0,0,0,0,0,0,0,0,0,0,0,0,0,0,0,0,0,0,0,0,0,0,0,0,0,0,0,0,0,0,0,0,0,0,0,0,0,0,0,0,0,0,0,0,0,0,0,0,0,0,0,0,0,0,0,0,0,0,0,0,0,0,0,0,0,0,0,0,0,0,0,0,0,0,0,0,0,0,0,0,0,0,0,0,0,0,0,0,0,0,0,0,0,0,0,0,0,0,0,0,0,0,0,0,0,0,0,0,0,0,0,0,0,0,0,0,0,0,0,0,0,0,0,0,0,0,0,0,0,0,0,0,0,0,0,0,0,0,0,0,0,0,0,0,0,0,0,0,0,0,0,0,0,0,0,0,0,0,0,0,0,0,0,0,0,0,0,0,0,0,0,0,0,0,0,0,0,0,0,0,0,0,0,0,0,0,0,0,0,0,0,0,0,0,0,0,0,0,0,0,0,0,0,0,0,0,0,0,0,0,0,0,0,0,0,0,0,0,0,0,0,0,0,0,0,0,0,0,0,0,0,0,0,0,0,0,0,0,0,0,0,0,0,0,0,0,0,0,0,0,0,0,0,0,0,0,0,0,0,0,0,0,0,0,0,0,0,0,0,0,0,0,0,0,0,0,0,0,0,0,0,0,0,0,0,0,0,0,0,0,0,0,0,0,0,0,0,0,0,0,0,0,0,0,0,0,0,0,0,0,0,0,0,0,0,0,0,0,0,0,0,0,0,0,0,0,0,0,0,0,0,0,0,0,0,0,0,0,0,0,0,0,0,0,0,0,0,0,0,0,0,0,0,0,0,0,0,0,0,0,0,0,0,0,0,0,0,0,0,0,0,0,0,0,0,0,0,0,0,0,0,0,0,0,0,0,0,0,0,0,0,0,0,0,0,0,0,0,0,0,0,0,0,0,0,0,0,0,0,0,0,0,0,0,0,0,0,0,0,0,0,0,0,0,0,0,0,0,0,0,0,0,0,0,0,0,0,0,0,0,0,0,0,0,0,0,0,0,0,0,0,0,0,0,0,0,0,0,0,0,0,0,0,0,0,0,0,0,0,0,0,0,0,0,0,0,0,0,0,0,0,0,0,0,0,0,0,0,0,0,0,0,0,0,0,0,0,0,0,0,0,0,0,0,0,0,0,0,0,0,0,0,0,0,0,0,0,0,0,0,0,0,0,0,0,0,0,0,0,0,0,0,0,0,0,0,0,0,0,0,0,0,0,0,0,0,0,0,0,0,0,0,0,0,0,0,0,0,0,0,0,0,0,0,0,0,0,0,0,0,0,0,0,0,0,0,0,0,0,0,0,0,0,0,0,0,0,0,0,0,0,0,0,0,0,0,0,0,0,0,0,0,0,0,0,0,0,0,0,0,0,0,0,0,0,0,0,0,0,0,0,0,0,0,0,0,0,0,0,0,0,0,0,0,0,0,0,0,0,0,0,0,0,0,0,0,0,0,0,0,0,0,0,0,0,0,0,0,0,0,0,0,0,0,0,0,0,0,0,0,0,0,0,0,0,0,0,0,0,0,0,0,0,0,0,0,0,0,0,0,0,0,0,0,0,0,0,0,0,0,0,0,0,0,0,0,0,0,0,0,0,0,0,0,0,0,0,0,0,0,0,0,0,0,0,0,0,0,0,0,0,0,0,0,0,0,0,0,0,0,0,0,0,0,0,0,0,0,0,0,0,0,0,0,0,0,0,0,0,0,0,0,0,0,0,0,0,0,0,0,0,0,0,0,0,0,0,0,0,0,0,0,0,0,0,0,0,0,0,0,0,0,0,0,0,0,0,0,0,0,0,0,0,0,0,0,0,0,0,0,0,0,0,0,0,0,0,0,0,0,0,0,0,0,0,0,0,0,0,0,0,0,0,0,0,0,0,0,0,0,0,0,0,0,0,0,0,0,0,0,0,0,0,0,0,0,0,0,0,0,0,0,0,0,0,0,0,0,0,0,0,0,0,0,0,0,0,0,0,0,0,0,0,0,0,0,0,0,0,0,0,0,0,0,0,0,0,0,0,0,0,0,0,0,0,0,0,0,0,0,0,0,0,0,0,0,0,0,0,0,0,0,0,0,0,0,0,0,0,0,0,0,0,0,0,0,0,
71,18,-4,-5,22,-43,13,-35,1,9,25,-38,-52,26,-54,1,-22,-28,30,-9,-84,-2,-11,13,-34,43,-2,37,-1,16,28,11,
36,-4,-28,3,29,30,16,-7,-11,-30,-38,-5,14,20,19,-55,-7,-13,-40,13,48,27,14,30,-51,14,-38,-14,-25,-21,-6,29,
32,21,13,39,11,2,3,-29,-18,24,17,-36,-67,-14,5,15,24,15,19,-29,74,23,-11,46,3,-25,10,5,-13,23,11,23,
58,-20,-4,39,18,-52,19,-41,10,18,-48,7,3,14,4,-7,46,10,32,-1,-29,16,-40,10,31,-15,-10,-37,1,29,-75,41,
-53,-40,19,100,-9,25,-11,37,3,-3,15,7,35,21,-7,-10,-24,-28,19,-35,109,28,-38,11,27,-14,36,34,-16,26,-22,-34,
-9,-35,47,60,13,36,-32,-29,-23,-25,-1,11,1,33,-43,-16,9,24,21,16,-40,30,-18,37,47,34,36,35,4,-35,-3,-35,
-45,12,10,-1,-3,19,21,28,0,41,-17,-1,14,36,-35,8,-40,16,-5,-17,62,21,-22,-45,23,-44,23,0,-17,0,-2,-40,
-15,-24,-23,-2,-18,-43,26,13,4,2,26,6,-44,13,13,2,-37,-44,1,9,-68,-27,15,-44,6,34,36,13,18,10,24,25,
-15,-18,-10,-58,-13,4,5,12,26,-58,-38,-11,-40,-38,36,-34,-49,-18,27,-20,82,-21,-8,6,-48,-25,-42,3,-63,21,-63,-20,
-31,-18,15,-33,16,-19,20,-2,28,5,-13,-4,31,7,-39,45,-16,11,-13,-40,122,-16,-4,27,2,-36,-40,-32,-4,-14,-22,19,
-24,18,-5,-52,1,25,-20,30,-3,-4,-33,-12,-20,10,14,31,-19,-26,2,20,-56,5,-32,24,-8,-26,8,15,47,-34,18,-19,
10,-8,-14,51,4,9,-9,-49,-10,42,18,-20,15,-28,16,-38,-11,33,3,-26,-108,19,-25,-34,33,-5,-14,27,1,6,44,19,
-33,-38,8,11,-7,-41,-36,-11,-30,17,18,4,30,-11,32,-2,36,-16,-25,-11,-7,-32,34,19,8,36,49,17,29,30,-10,-39,
-60,-44,-16,4,-29,-2,14,-46,-20,13,-20,-28,-66,-34,-23,-8,24,-19,34,-9,19,5,-35,-7,-6,8,9,-2,25,-18,9,-50,
-4,44,-21,-10,30,36,26,19,23,28,32,-7,-8,-35,-1,-9,26,-37,7,-61,55,31,10,-35,-20,1,-21,8,-25,31,-21,22,
-42,46,23,59,-21,-3,5,-22,28,-44,-16,18,65,-2,25,-54,32,-15,4,19,79,36,-53,40,-16,-4,17,-33,-42,14,6,-8,
32,15,-44,59,-1,11,47,-26,-29,-7,28,14,43,14,41,25,39,-29,-32,-2,-35,7,2,48,22,28,23,17,4,38,-2,25,
-50,18,17,-10,-28,-43,-17,-5,-42,-7,10,-6,50,-4,-36,-52,43,-25,21,12,-69,-21,-15,-19,38,-34,-22,-19,-7,44,-28,-13,
57,-32,20,-52,-18,-43,4,-28,18,-39,4,9,-46,-40,2,32,-5,1,21,29,-23,6,29,-37,0,32,-37,-23,22,-23,22,-12,
78,-28,-38,43,31,38,-19,-16,-23,-38,28,22,25,-2,-14,60,6,4,-39,-26,-38,-2,-34,50,8,47,13,6,-14,31,12,23,
9,38,-20,22,11,-47,3,33,2,43,8,44,62,-26,-36,-71,-28,-13,27,-93,24,17,3,-29,44,-46,-22,38,-27,15,20,-27,
-41,-17,-2,40,3,25,-13,32,-44,26,-14,33,-28,-15,-31,21,-14,-11,5,-35,-52,10,-2,-3,44,18,54,-10,-6,7,-32,-18,
26,8,-6,-11,-17,6,50,-74,-30,-31,28,-37,-23,16,36,8,12,-21,14,9,-4,-21,11,-15,-32,-16,-34,-19,-42,-33,9,27,
71,76,19,-33,37,65,47,-29,-21,-8,9,-27,-23,-27,-19,-33,-20,-31,-41,-33,19,49,32,30,21,44,-34,-5,-38,5,35,33,
-50,33,3,-64,-16,21,24,-48,-24,28,6,36,22,15,-35,-17,-10,-15,-29,5,28,30,-15,-38,-17,-6,-12,-31,14,-9,-25,-10,
42,-43,37,-16,12,9,-36,23,34,-48,11,-18,-33,-20,33,9,-19,14,18,6,22,13,22,-11,0,13,-16,29,-38,8,16,34,
-58,19,-2,20,26,-8,28,-7,9,23,2,-2,12,0,-1,1,34,3,-33,-40,-95,-15,32,22,5,3,-22,3,16,-4,-13,-14,
23,26,19,48,20,-33,-7,-1,-21,1,-12,-35,-14,1,11,-42,-26,-38,-5,-5,-12,-7,-8,7,-22,-18,5,5,19,-22,57,19,
31,-7,29,-20,-10,-15,-31,51,-37,19,-34,-21,13,19,31,72,-2,22,-19,-30,-47,31,-10,-30,28,-40,15,8,20,22,-48,-11,
14,11,1,11,38,10,13,-67,22,-9,12,9,-44,-34,-5,-66,-39,26,16,40,29,-46,-20,-31,8,13,-22,-22,22,-16,-7,33,
17,-25,-7,-3,9,-38,-13,10,-32,14,-29,-6,-31,-34,3,-8,-17,14,14,11,50,13,-12,31,-1,-11,7,33,70,-21,-2,23,
-5,-8,9,58,-17,-27,-4,35,-9,12,-19,-18,-1,24,-15,-14,19,-6,23,-28,-58,-30,28,-2,35,-36,-17,14,46,-21,71,-42,
-33,-24,27,63,25,-29,-39,22,-9,39,14,31,-4,-2,-15,30,0,-10,-16,-29,-36,34,-45,27,-12,-25,8,-34,52,-6,8,23,
0,-8,21,-17,26,34,-35,-24,42,-11,10,-39,-15,-43,13,23,-4,-19,-7,-4,-31,12,14,34,27,16,49,20,47,1,-2,2,
51,14,-33,40,15,11,18,-84,11,29,30,-50,14,-12,-9,36,16,-2,-13,3,-94,-13,-6,-4,-52,22,-31,30,24,28,-19,-18,
-18,-2,48,-1,-31,-31,20,70,-17,38,8,-4,-34,19,-36,-45,-44,-5,-11,33,12,-38,-33,5,23,27,24,9,35,-40,-6,21,
18,30,-40,47,18,38,-22,15,-32,8,-16,5,5,-18,35,-36,-29,-11,7,-4,-68,21,8,-21,-13,-5,34,-19,-1,0,21,6,
-10,21,-30,-43,24,19,7,55,25,29,0,9,8,-35,-15,-25,-22,-25,-46,5,-74,41,-25,-49,-22,-12,15,16,-20,52,-25,-16,
-18,32,4,41,-32,-31,7,67,-23,-5,42,-17,-29,-2,38,39,-27,-35,-13,29,54,-13,-15,45,40,-29,6,-23,64,10,-35,-40,
-9,11,-38,-27,33,17,11,22,36,15,24,-15,9,0,40,-34,30,23,32,23,58,18,-24,-9,-18,13,-42,33,-51,-5,44,-30,
9,-9,-39,15,-42,30,8,9,-3,-38,8,15,-12,-7,-12,43,25,-30,-7,19,32,21,-47,16,37,-26,-14,26,-44,17,49,3,
-28,16,-17,-29,-26,15,-35,8,37,-40,14,-3,74,1,-9,11,-53,-18,-50,17,74,41,-21,31,37,19,-30,-27,-31,28,11,4,
5,-39,29,4,-20,-9,7,-2,34,-12,31,-24,32,8,22,35,33,-5,-15,14,69,-12,-33,6,21,-34,-27,4,3,47,7,-34,
18,41,-26,14,25,29,34,-35,7,-24,-6,4,-33,10,44,-15,-39,0,22,-51,87,-20,8,47,-2,31,23,-5,22,-1,-2,8,
-42,-4,19,-39,-9,13,-21,24,13,-26,-50,18,-21,20,-5,-38,1,25,17,11,17,-21,-20,-29,-2,-17,20,22,-9,16,-44,0,
-10,2,-8,50,6,-25,-28,13,25,-20,-18,21,-12,35,-51,7,-18,35,37,-29,-95,-28,-14,27,24,31,1,40,43,16,-32,22,
9,20,3,70,-10,38,26,-2,10,-5,-14,-15,-7,-1,-14,33,-12,6,7,-34,-49,24,-8,26,10,-29,17,11,34,30,56,-16,
22,14,-41,-32,-4,7,27,-3,9,-17,-2,3,-32,-25,7,44,-21,-33,-16,-9,-85,38,-3,-14,4,19,16,4,58,13,-67,-7,
52,-15,5,11,-21,-44,30,11,27,-44,25,18,-22,9,0,80,13,14,2,38,50,-31,14,38,22,10,-22,39,28,-35,36,18,
30,-1,17,-45,-18,19,-33,5,31,39,23,12,-6,12,4,31,11,8,6,-25,-7,-43,11,23,-21,39,-4,-7,-10,-39,51,30,
8,10,-25,51,-24,-5,27,23,-40,-4,8,-27,0,9,22,-19,29,1,-19,-54,26,6,-6,67,14,-21,46,37,-1,5,8,-34,
93,30,-25,9,-10,-12,-17,-64,-31,-57,16,-21,-50,23,-46,13,34,6,0,-6,74,12,35,17,-45,-1,-47,-28,-8,23,-6,-15,
48,42,-54,-1,-27,23,-28,-33,18,-48,18,-5,-2,2,-15,14,1,-18,-12,0,-15,30,39,2,-34,7,-18,-17,19,-40,9,-16,
-15,17,-26,43,-27,-23,-29,6,-38,51,26,12,6,44,2,17,-2,22,-19,10,-49,11,-23,48,-19,3,57,-3,21,13,40,-9,
13,-30,35,-50,-35,-42,33,33,24,26,-30,-2,-30,-27,-7,-6,-22,-33,-50,20,30,5,-23,-58,-56,-13,61,-29,51,24,-29,31,
51,49,12,-52,-15,8,-38,-47,21,30,-14,-8,-38,24,10,-44,10,-25,17,-24,-6,5,14,-39,-36,3,-56,12,-69,-17,-14,-2,
16,2,25,-66,-30,-76,-7,43,-24,-27,18,-38,-42,-13,-34,5,-32,-21,-5,13,41,9,39,10,8,14,-27,-10,4,-46,22,30,
65,45,-6,-16,11,25,17,-39,15,-27,-30,-19,-18,-46,-26,17,-5,-13,-4,-36,25,-8,0,-39,-52,41,-4,-38,-45,-8,-92,-21,
19,-20,29,43,-31,-20,24,4,25,-27,43,2,-4,-2,-41,2,-31,16,5,-40,37,26,19,47,51,-5,47,21,0,28,-54,-26,
-26,-20,31,30,36,7,-23,26,12,5,-21,11,-31,35,3,-5,1,-21,7,-20,43,2,-3,-9,-7,-34,45,-36,31,4,-41,-7,
67,94,-8,41,35,59,38,7,1,-1,5,10,-54,-54,-5,-29,24,-23,-35,-19,44,52,-2,24,41,20,52,-14,18,-41,13,5,
-41,5,14,89,23,21,34,-40,-18,11,-6,17,41,44,35,11,43,9,0,18,-52,7,18,34,-18,31,3,18,-16,-16,-7,0,
-32,-12,28,46,35,-10,-42,-19,-6,-37,-14,9,-56,-3,-49,-57,-23,-14,-10,-26,-9,38,9,25,50,6,-11,23,-31,-43,59,-38,
35,12,-41,3,-29,-44,-18,3,-4,18,8,40,-26,-28,-12,36,23,15,19,5,46,-53,-22,-10,36,-16,70,14,80,20,-59,-37,
-10,7,24,-22,-7,-22,-53,-47,10,27,15,9,6,-18,18,-3,4,-56,-16,12,-17,-38,17,-10,-24,-13,-1,16,-27,-16,-26,0,-27,42,-26,19,9,-11,-54,7,6,-4,-22,-24,20,-6,4,25,-7,-27,-10,-71,-30,28,-10,4,-13,-15,0,13,-78,4,25,25,
-34,-17,-18,-2,-35,4,6,-31,3,26,-25,11,2,0,22,-36,-21,-14,-16,-2,-23,-22,-1,-35,-14,-17,-17,-36,-24,-26,17,0,-9,-19,-23,-18,-35,-8,16,-26,-14,-10,-25,-11,9,-27,-1,-2,-30,-16,4,-16,-3,-37,-10,3,-18,8,-10,17,-4,21,22,-12,
15,26,20,-34,11,-5,-38,-27,-1,57,-39,27,-25,-17,-9,-14,-12,-15,0,20,-15,11,43,13,-12,-5,0,9,-40,-2,-29,0,0,38,8,-15,28,-35,-48,-2,-6,-38,-11,1,-21,-17,-28,12,-1,23,17,36,-10,16,-9,7,19,15,-19,-20,-25,-16,-22,20,
31,17,29,-14,7,20,13,-45,8,-8,7,7,0,14,-30,3,-26,-50,-1,-1,9,18,4,18,2,-13,-1,28,-24,7,28,0,15,-16,16,-9,25,-35,-15,26,27,-15,-17,-8,0,25,6,-27,-22,2,28,26,-53,-29,-23,7,-11,16,25,34,40,-1,39,12,
3,0,-31,-40,-24,25,13,20,-20,47,-6,6,26,11,-31,7,27,24,-8,20,-61,-28,-52,-18,-5,-1,-7,25,-13,-30,-34,0,19,5,-28,4,6,14,7,16,-5,43,22,23,-28,-17,25,2,-3,-18,-56,41,19,29,-25,4,29,40,-21,22,-91,2,-1,6,
1,10,-35,-4,-22,23,27,-80,2,30,11,-47,3,-12,-29,-10,11,1,20,-27,6,-16,12,-18,24,26,18,-39,-31,-33,-27,0,-27,21,16,-18,28,22,4,-13,-7,-6,18,-22,-20,-1,-7,6,1,1,0,-32,-8,26,-10,17,-18,-40,-2,-18,39,-27,10,-8,
-13,15,-15,4,12,8,34,-7,12,-9,-34,-4,2,-13,6,24,14,-8,31,17,11,-29,-49,-20,-37,-20,23,-32,-5,29,-30,0,10,-3,14,-4,-17,20,17,5,4,-18,2,26,-8,-21,5,23,-12,12,24,-101,-47,33,-31,-28,-16,-53,-31,-4,-43,22,8,-21,
18,-30,16,-37,-41,-28,-11,-39,-15,19,16,-7,-26,30,-14,-16,-25,-44,-10,-31,-73,-52,38,0,-55,-1,-6,3,12,-19,21,0,0,22,19,-31,13,-13,-22,-10,-39,-78,-37,16,15,8,14,-8,-1,22,-34,-56,-17,-37,14,-22,-31,6,15,1,-80,-56,-36,14,
5,30,-9,-18,14,20,2,-1,26,10,13,-28,26,10,19,18,-16,-18,-1,10,23,9,-30,-2,13,13,16,8,19,19,-2,0,-1,20,-15,-21,-11,30,34,-24,27,5,11,-20,39,2,-7,-24,-28,10,-33,32,2,-28,-29,-16,-9,15,5,-27,33,1,-7,-31,
-19,-12,-2,0,23,0,2,-87,10,20,-1,8,-46,-30,-43,10,-16,-34,-12,16,-49,-7,-29,16,-34,11,-33,-21,-33,-37,5,0,-24,24,15,-43,-19,-19,-9,-24,2,-21,3,11,6,-45,20,16,-6,16,-5,-118,-37,23,-6,21,-4,-15,-19,-3,-76,-29,-10,-16,
-14,-12,-19,-36,16,-24,-4,-4,6,-44,-57,-53,-5,-65,11,-27,-1,-52,23,17,-28,15,-1,-23,-11,-32,-15,-4,5,-17,-12,0,-17,25,-9,-21,-11,26,-49,7,-3,2,-15,-5,-23,-31,-33,-16,-19,3,-29,44,-3,9,-15,-25,33,-6,22,-36,-21,-48,-21,9,
22,-2,-32,-31,15,-20,-23,29,2,-12,-74,-61,32,-116,2,-7,0,-23,-18,-8,17,-49,-32,30,-92,-28,-28,30,-4,-3,-23,0,-24,1,17,-4,-3,-2,-52,2,-16,-40,1,-8,-43,-29,-10,21,33,-30,3,0,-85,-1,18,-17,1,-27,-19,-42,-72,-37,15,21,
-23,-37,-18,25,-7,5,-27,119,0,-55,1,21,-17,28,19,-34,-7,-43,-3,-39,-29,39,-43,0,3,43,20,-33,-10,8,-50,0,7,-29,7,-19,-45,-9,-40,10,-29,-71,20,-24,-3,-25,-17,17,-20,-8,-11,71,-34,-27,18,-13,-40,5,23,-17,-34,20,-31,10,
-1,-54,8,15,-16,9,-14,33,31,2,14,14,27,46,-13,8,12,12,-33,-27,-38,14,8,-7,12,-11,2,-15,37,22,13,0,28,-16,-7,25,-24,-9,58,-2,3,27,-14,15,-30,-44,16,7,-29,-6,-45,25,6,-9,37,-15,-3,31,-34,-9,-112,29,-46,-6,
-5,-34,5,-7,-33,-9,-13,-107,22,-24,-35,-27,-37,-50,14,-18,24,-6,-2,15,-87,-52,46,-8,-21,21,13,-22,-10,-22,-7,0,-16,-20,16,-31,-15,-7,-77,25,10,-59,-22,-5,-11,-48,19,2,-37,22,-46,-38,22,-31,-6,16,27,-14,-7,-23,11,-2,-17,-29,
24,16,-16,-29,33,23,3,-45,-23,-39,26,-41,-25,4,-4,4,19,-16,9,-38,6,-14,-37,-22,-36,11,0,19,23,-9,-21,0,4,-22,-2,-29,-3,-35,29,22,-2,3,-34,-2,3,27,3,17,-20,3,3,-11,42,5,-18,0,5,-9,15,-8,-12,2,-17,30,
-8,-3,12,4,18,-17,22,-113,-7,-9,29,-11,15,71,-17,26,-11,36,-18,-9,-42,12,-65,-33,25,-26,-31,-15,38,-15,22,0,35,-28,13,5,23,-52,13,25,-38,-19,-14,-2,41,-25,-28,-22,3,14,-50,-70,-4,23,36,20,-13,25,-20,-9,-70,-31,21,-27,
-2,10,-14,18,-10,-21,-31,-112,11,0,46,57,-21,9,-10,-13,-24,-27,15,-32,5,-11,8,-11,18,10,34,-28,25,27,-13,0,7,24,-26,9,16,-10,-46,-15,-28,15,1,-9,30,-12,13,-31,-30,-20,20,-61,22,3,8,-3,-16,-24,-29,-21,48,19,30,25,
26,-1,0,-16,14,-9,-23,23,14,16,0,15,32,22,39,-28,-30,-30,23,-17,-51,-3,22,-11,31,5,-20,34,25,-4,40,0,-19,-9,-5,31,-20,15,-3,21,-14,-8,22,-10,-3,-33,-24,10,-24,-13,23,-12,-56,11,9,-26,23,19,26,0,35,-5,-36,28,
12,22,10,-29,-6,-6,-9,38,-37,62,-17,-6,25,-23,-9,-33,-24,-73,-28,-19,-37,19,67,-17,-1,2,0,10,-28,27,-23,0,-11,19,9,-41,-6,3,-71,-47,-45,3,-20,-26,-18,-59,-26,26,3,27,-31,55,-66,-16,13,15,-27,-12,0,29,-45,-7,-38,-24,
4,8,4,23,36,-5,5,-13,35,-11,21,6,-35,-27,17,-41,-25,2,29,30,-49,-14,16,7,-20,28,-34,-21,19,7,25,0,18,24,26,8,15,-23,13,-4,16,14,10,-8,-19,2,-26,-5,3,11,-7,-34,17,-34,-3,3,-1,30,-25,-15,19,30,-8,-21,
-33,35,28,-18,33,9,-5,-2,53,-34,29,-13,-33,-60,-22,-10,-4,4,3,13,-6,-21,-16,-1,19,20,-34,6,-15,-39,39,0,22,-21,-24,-10,-42,16,9,8,11,-38,19,-30,-2,5,-23,15,-2,-2,-6,-62,3,-23,7,-6,-23,40,19,20,47,-20,8,-26,
-23,10,10,20,20,-37,9,13,23,-74,-23,0,-4,-70,25,28,23,-36,9,-22,-16,24,-33,3,-2,1,-9,-6,-11,-12,26,0,-16,-4,-5,-11,-20,16,34,14,-9,14,-29,-17,8,30,21,23,1,12,32,-26,39,-9,-7,11,-11,-48,-10,-7,46,-7,-13,1,
-2,-9,-16,10,-1,39,24,-41,23,-16,22,-8,-32,3,-12,7,-20,32,3,-4,16,3,21,-27,3,-39,-5,17,-30,26,-17,0,18,6,21,-27,-17,-17,-7,-10,47,-3,3,20,27,9,-28,21,-2,26,-2,-10,15,6,2,-19,14,5,-19,16,6,6,24,26,
4,-5,20,8,-15,-3,-9,61,16,-15,-22,13,-25,-35,-1,10,-29,-39,3,19,-79,-21,-19,16,-8,-11,-29,-18,-29,7,-13,0,25,12,0,-8,-11,18,11,-9,10,-43,-29,-14,3,17,4,-17,-2,1,-21,67,-99,-8,-23,15,-5,18,-17,-8,-1,-61,4,-1,
-30,32,-19,-35,4,-31,-3,-47,-35,-6,16,11,1,-13,-18,26,-16,-7,-3,2,-8,15,-57,-27,11,-17,15,5,-18,22,-8,0,-3,-5,-14,-17,6,-49,-44,-23,-45,5,-2,11,37,-23,-10,-16,-19,12,24,-76,-104,-37,-17,-4,17,-8,-14,-23,20,-42,32,-22,
-27,-16,-2,-4,7,-25,34,25,52,-7,4,-23,-40,-18,-8,-42,-25,-22,-25,27,-7,-40,11,-18,-43,-19,-27,-21,-8,-32,10,0,0,17,-32,21,9,-15,27,-33,28,20,30,19,-31,0,18,-16,-8,26,-37,-116,-10,7,8,13,32,-4,19,34,-33,-24,4,-16,
-14,-6,12,14,23,-46,27,49,-3,9,20,33,5,38,-36,18,-22,-17,-33,6,-47,28,-7,19,18,34,-20,-4,-13,23,33,0,6,20,-10,3,24,-41,11,-19,-37,-10,-8,-4,23,0,-1,23,22,-22,19,29,-41,21,-5,-4,6,-10,-15,-13,-40,-23,7,29,
-7,29,21,-2,8,-20,-16,4,-25,-35,-7,-53,-2,8,-20,6,-2,23,22,21,33,-38,-14,-4,8,-13,26,-20,27,20,-1,0,-4,-3,-25,4,-13,-16,-2,-30,-3,-49,-22,-33,23,-7,-12,-18,-28,14,-23,40,-32,9,19,-2,18,6,-4,-2,-1,-2,11,10,
-29,16,-7,-30,6,-19,-37,65,-21,17,-3,3,24,-25,-14,1,-2,46,-19,27,-32,0,-6,36,-6,21,-15,-1,-31,-23,-11,0,-36,22,-4,-27,22,22,0,-5,-27,0,27,-29,25,-35,22,-16,-22,-19,-8,51,-62,-14,-35,21,-39,-31,-8,-9,-30,23,-33,20,
-13,-6,-12,-3,-6,13,14,60,-1,-36,-28,15,20,21,-5,-12,26,32,-7,-7,28,32,-6,5,-4,-13,16,0,26,-8,4,0,40,-33,-2,-4,16,-42,9,-17,52,-25,-3,-24,-13,-3,34,-21,24,-14,-37,17,-26,34,-9,4,29,28,-12,-24,-31,-11,-24,5,
9,-23,10,-20,-13,34,10,-26,-33,7,-23,-37,13,-7,36,33,-23,6,19,24,24,-7,7,-9,-20,-19,-25,-16,21,24,-18,0,-13,-34,-2,-3,-9,34,-16,-2,37,-7,0,-24,-4,-12,27,9,13,-18,-18,-21,67,1,10,-1,18,-35,0,6,27,16,-24,-20,
-69,-57,-50,-28,-48,0,32,-72,49,56,6,66,37,24,-43,-62,-24,-43,87,-6,68,33,52,-19,46,19,119,-57,-22,121,23,21,
-9,-85,41,-47,32,0,44,39,5,33,35,7,-28,53,-48,40,20,23,-57,41,-63,-10,17,-71,6,15,-14,-22,28,40,-28,-75,
-49,34,-65,-30,14,0,-43,-46,26,25,31,-47,46,-70,71,-1,62,-79,46,-55,25,42,-16,7,52,-3,-10,27,30,-38,-3,37,
-51,-19,-40,-59,-53,0,18,-28,80,45,61,-49,53,10,43,24,9,69,-47,21,34,49,-19,65,54,-48,46,-6,65,-68,-43,-47,
61,27,-58,46,36,0,65,6,-38,53,100,34,-30,-65,-4,-20,-27,-51,11,32,-52,-35,-16,22,-66,-47,77,-80,-12,29,45,-56,
32,6,11,2,-41,0,26,-17,20,29,-50,-48,-61,78,30,-44,51,-31,-29,-57,-12,-44,-9,0,17,12,48,-8,9,-32,-57,-3,
0,0,0,0,0,0,0,0,0,0,0,0,0,0,0,0,0,0,0,0,0,0,0,0,0,0,0,0,0,0,0,0,
0,0,0,0,0,0,0,0,0,0,0,0,0,0,0,0,0,0,0,0,0,0,0,0,0,0,0,0,0,0,0,0,
0,0,0,0,0,0,0,0,0,0,0,0,0,0,0,0,0,0,0,0,0,0,0,0,0,0,0,0,0,0,0,0,0,0,0,0,0,0,0,0,0,0,0,0,0,0,0,0,0,0,0,0,0,0,0,0,0,0,0,0,0,0,0,0,0,0,0,0,0,0,0,0,0,0,0,0,0,0,0,0,0,0,0,0,0,0,0,0,0,0,0,0,0,0,0,0,0,0,0,0,0,0,0,0,0,0,0,0,0,0,0,0,0,0,0,0,0,0,0,0,0,0,0,0,0,0,0,0,0,0,0,0,0,0,0,0,0,0,0,0,0,0,0,0,0,0,0,0,0,0,0,0,0,0,0,0,0,0,0,0,0,0,0,0,0,0,0,0,0,0,0,0,0,0,0,0,0,0,0,0,0,0,0,0,0,0,0,0,0,0,0,0,0,0,0,0,0,0,0,0,0,0,0,0,0,0,0,0,0,0,0,0,0,0,0,0,0,0,0,0,0,0,0,0,0,0,0,0,0,0,0,0,0,0,0,0,0,0,0,0,0,0,0,0,0,0,0,0,0,0,0,0,0,0,0,0,0,0,0,0,0,0,0,0,0,0,0,0,0,0,0,0,0,0,0,0,0,0,0,0,0,0,0,0,0,0,0,0,0,0,0,0,0,0,0,0,0,0,0,0,0,0,0,0,0,0,0,0,0,0,0,0,0,0,0,0,0,0,0,0,0,0,0,0,0,0,0,0,0,0,0,0,0,0,0,0,0,0,0,0,0,0,0,0,0,0,0,0,0,0,0,0,0,0,0,0,0,0,0,0,0,0,0,0,0,0,0,0,0,0,0,0,0,0,0,0,0,0,0,0,0,0,0,0,0,0,0,0,0,0,0,0,0,0,0,0,0,0,0,0,0,0,0,0,0,0,0,0,0,0,0,0,0,0,0,0,0,0,0,0,0,0,0,0,0,0,0,0,0,0,0,0,0,0,0,0,0,0,0,0,0,0,0,0,0,0,0,0,0,0,0,0,0,0,0,0,0,0,0,0,0,0,0,0,0,0,0,0,0,0,0,0,0,0,0,0,0,0,0,0,0,0,0,0,0,0,0,0,0,0,0,0,0,0,0,0,0,0,0,0,0,0,0,0,0,0,0,0,0,0,0,0,0,0,0,0,0,0,0,0,0,0,0,0,0,0,0,0,0,0,0,0,0,0,0,0,0,0,0,0,0,0,0,0,0,0,0,0,0,0,0,0,0,0,0,0,0,0,0,0,0,0,0,0,0,0,0,0,0,0,0,0,0,0,0,0,0,0,0,0,0,0,0,0,0,0,0,0,0,0,0,0,0,0,0,0,0,0,0,0,0,0,0,0,0,0,0,0,0,0,0,0,0,0,0,0,0,0,0,0,0,0,0,0,0,0,0,0,0,0,0,0,0,0,0,0,0,0,0,0,0,0,0,0,0,0,0,0,0,0,0,0,0,0,0,0,0,0,0,0,0,0,0,0,0,0,0,0,0,0,0,0,0,0,0,0,0,0,0,0,0,0,0,0,0,0,0,0,0,0,0,0,0,0,0,0,0,0,0,0,0,0,0,0,0,0,0,0,0,0,0,0,0,0,0,0,0,0,0,0,0,0,0,0,0,0,0,0,0,0,0,0,0,0,0,0,0,0,0,0,0,0,0,0,0,0,0,0,0,0,0,0,0,0,0,0,0,0,0,0,0,0,0,0,0,0,0,0,0,0,0,0,0,0,0,0,0,0,0,0,0,0,0,0,0,0,0,0,0,0,0,0,0,0,0,0,0,0,0,0,0,0,0,0,0,0,0,0,0,0,0,0,0,0,0,0,0,0,0,0,0,0,0,0,0,0,0,0,0,0,0,0,0,0,0,0,0,0,0,0,0,0,0,0,0,0,0,0,0,0,0,0,0,0,0,0,0,0,0,0,0,0,0,0,0,0,0,0,0,0,0,0,0,0,0,0,0,0,0,0,0,0,0,0,0,0,0,0,0,0,0,0,0,0,0,0,0,0,0,0,0,0,0,0,0,0,0,0,0,0,0,0,0,0,0,0,0,0,0,0,0,0,0,0,0,0,0,0,0,0,0,0,0,0,0,0,0,0,0,0,0,0,0,0,0,0,0,0,0,0,0,0,0,0,0,0,0,0,0,0,0,0,0,0,0,0,0,0,0,0,0,0,0,0,0,0,0,0,0,0,0,0,0,0,0,0,0,0,0,0,0,0,0,0,0,0,0,0,0,0,0,0,0,0,0,0,0,0,0,0,0,0,0,0,0,0,0,0,0,0,0,0,0,0,0,0,0,0,0,0,0,0,0,0,0,0,0,0,0,0,0,0,0,0,0,0,0,0,0,0,0,0,0,0,0,0,0,0,0,0,0,0,0,0,0,0,0,0,0,0,0,0,0,0,0,0,0,0,0,0,0,0,0,0,0,0,0,0,0,0,0,0,0,0,0,0,0,0,0,0,0,0,0,0,0,0,0,0,0,0,0,0,0,0,0,0,0,0,0,0,0,0,0,0,0,0,0,0,0,0,0,0,0,0,0,0,0,0,0,0,0,0,0,0,0,0,0,0,0,0,0,0,0,0,0,0,0,0,0,0,0,0,0,0,0,0,0,0,0,0,0,0,0,0,0,0,0,0,0,0,0,0,0,0,0,0,0,0,0,0,0,0,0,0,0,0,0,0,0,0,0,0,0,0,0,0,0,0,0,0,0,0,0,0,0,0,0,0,0,0,0,0,0,0,0,0,0,0,0,0,0,0,0,0,0,0,0,0,0,0,0,0,0,0,0,0,0,0,0,0,0,0,0,0,0,0,0,0,0,0,0,0,0,0,0,0,0,0,0,0,0,0,0,0,0,0,0,0,0,0,0,0,0,0,0,0,0,0,0,0,0,0,0,0,0,0,0,0,0,0,0,0,0,0,0,0,0,0,0,0,0,0,0,0,0,0,0,0,0,0,0,0,0,0,0,0,0,0,0,0,0,0,0,0,0,0,0,0,0,0,0,0,0,0,0,0,0,0,0,0,0,0,0,0,0,0,0,0,0,0,0,0,0,0,0,0,0,0,0,0,0,0,0,0,0,0,0,0,0,0,0,0,0,0,0,0,0,0,0,0,0,0,0,0,0,0,0,0,0,0,0,0,0,0,0,0,0,0,0,0,0,0,0,0,0,0,0,0,0,0,0,0,0,0,0,0,0,0,0,0,0,0,0,0,0,0,0,0,0,0,0,0,0,0,0,0,0,0,0,0,0,0,0,0,0,0,0,0,0,0,0,0,0,0,0,0,0,0,0,0,0,0,0,0,0,0,0,0,0,0,0,0,0,0,0,0,0,0,0,0,0,0,0,0,0,0,0,0,0,0,0,0,0,0,0,0,0,0,0,0,0,0,0,0,0,0,0,0,0,0,0,0,0,0,0,0,0,0,0,0,0,0,0,0,0,0,0,0,0,0,0,0,0,0,0,0,0,0,0,0,0,0,0,0,0,0,0,0,0,0,0,0,0,0,0,0,0,0,0,0,0,0,0,0,0,0,0,0,0,0,0,0,0,0,0,0,0,0,0,0,0,0,0,0,0,0,0,0,0,0,0,0,0,0,0,0,0,0,0,0,0,0,0,0,0,0,0,0,0,0,0,0,0,0,0,0,0,0,0,0,0,0,0,0,0,0,0,0,0,0,0,0,0,0,0,0,0,0,0,0,0,0,0,0,0,0,0,0,0,0,0,0,0,0,0,0,0,0,0,0,0,0,0,0,0,0,0,0,0,0,0,0,0,0,0,0,0,0,0,0,0,0,0,0,0,0,0,0,0,0,0,0,0,0,0,0,0,0,0,0,0,0,0,0,0,0,0,0,0,0,0,0,0,0,0,0,0,0,0,0,0,0,0,0,0,0,0,0,0,0,0,0,0,0,0,0,0,0,0,0,0,0,0,0,0,0,0,0,0,0,0,0,0,0,0,0,0,0,0,0,0,0,0,0,0,0,0,0,0,0,0,0,0,0,0,0,0,0,0,0,0,0,

};