signed char w4 [] = {
7,21,-70,-33,53,-4,-27,66,-35,67,-18,46,-69,-57,88,68,
17,6,-55,3,-6,-88,-12,1,26,48,-118,-71,82,77,-64,62,
21,72,-32,-5,59,77,-56,-51,-81,-63,29,-36,-115,-82,-22,-27,
-58,46,51,38,-65,43,-13,-51,72,29,27,-33,-58,72,-13,14,
-28,-69,-49,-25,71,26,-21,33,-63,48,55,43,-2,-79,86,-34,
63,-10,-36,44,45,-23,26,-38,55,17,-27,-49,-8,-49,-88,-55,
-23,51,-42,63,-1,-45,-65,-59,34,-32,-24,39,79,82,-69,-23,
-62,47,-27,-8,70,65,-58,35,-46,-70,-38,-82,97,89,-11,-53,
30,5,93,71,-47,80,-4,14,15,64,-40,-38,30,76,-74,-125,
19,-77,-25,33,9,-16,-12,40,-23,-15,23,-61,-3,32,104,110,
74,-57,24,36,33,39,35,-7,-59,80,12,17,27,9,-24,-36,
29,-69,-41,49,86,6,-41,25,67,9,64,50,-35,41,-26,-50,
85,90,80,61,-2,51,-24,42,9,-13,-84,42,39,14,28,-64,
44,-58,-13,49,28,-45,32,-30,52,71,-64,7,21,-65,47,-75,
-62,34,41,38,60,-31,-57,-10,4,-24,5,-16,72,71,-72,30,
37,-16,-48,-58,-65,37,43,24,58,-10,32,25,68,-41,-32,47,
3,-53,68,46,78,83,52,38,52,35,-58,-55,94,25,-90,-6,
26,-76,17,-2,-4,-33,51,-76,-3,-81,-69,-3,-58,-54,53,-65,
-26,23,-18,68,38,57,-15,21,13,-77,-3,12,81,88,-55,5,
10,12,-57,39,-29,56,6,-11,-20,74,-84,-31,102,85,30,-78,
-24,-21,-77,-42,43,20,-5,23,51,-17,26,81,-85,27,52,88,
-53,-21,-4,-20,30,29,72,-26,-46,46,13,-6,38,19,83,73,
27,64,-35,-67,-43,46,-43,-48,-45,-71,-57,41,-26,-32,-5,38,
55,61,62,18,4,112,33,-30,17,-45,-34,11,-18,-6,-42,-94,
66,-41,31,69,15,52,20,-17,-82,-66,-24,68,-79,-12,103,71,
-55,-74,-29,-38,-36,38,-37,57,-49,-29,-38,-15,57,-38,54,76,
18,7,43,-25,75,-21,-36,-25,-11,-3,-45,-97,-65,-30,-52,22,
23,-47,-23,-3,-8,13,-3,-63,-9,34,-16,3,-105,-78,-60,-20,
-73,54,-87,-16,-7,17,41,22,55,57,12,9,19,-52,-5,-18,
24,55,-81,36,50,59,11,25,-13,-4,-6,-31,-60,36,18,4,
50,49,26,53,-85,-71,28,25,68,11,65,12,-88,-7,-50,-24,
-44,7,12,66,26,-55,-38,32,63,32,88,75,-8,-14,-16,65,
0,0,0,0,0,0,0,0,0,0,0,0,0,0,0,0,0,0,0,0,0,0,0,0,0,0,0,0,0,0,0,0,0,0,0,0,0,0,0,0,0,0,0,0,0,0,0,0,0,0,0,0,0,0,0,0,0,0,0,0,0,0,0,0,0,0,0,0,0,0,0,0,0,0,0,0,0,0,0,0,0,0,0,0,0,0,0,0,0,0,0,0,0,0,0,0,0,0,0,0,0,0,0,0,0,0,0,0,0,0,0,0,0,0,0,0,0,0,0,0,0,0,0,0,0,0,0,0,0,0,0,0,0,0,0,0,0,0,0,0,0,0,0,0,0,0,0,0,0,0,0,0,0,0,0,0,0,0,0,0,0,0,0,0,0,0,0,0,0,0,0,0,0,0,0,0,0,0,0,0,0,0,0,0,0,0,0,0,0,0,0,0,0,0,0,0,0,0,0,0,0,0,0,0,0,0,0,0,0,0,0,0,0,0,0,0,0,0,0,0,0,0,0,0,0,0,0,0,0,0,0,0,0,0,0,0,0,0,0,0,0,0,0,0,0,0,0,0,0,0,0,0,0,0,0,0,0,0,0,0,0,0,0,0,0,0,0,0,0,0,0,0,0,0,0,0,0,0,0,0,0,0,0,0,0,0,0,0,0,0,0,0,0,0,0,0,0,0,0,0,0,0,0,0,0,0,0,0,0,0,0,0,0,0,0,0,0,0,0,0,0,0,0,0,0,0,0,0,0,0,0,0,0,0,0,0,0,0,0,0,0,0,0,0,0,0,0,0,0,0,0,0,0,0,0,0,0,0,0,0,0,0,0,0,0,0,0,0,0,0,0,0,0,0,0,0,0,0,0,0,0,0,0,0,0,0,0,0,0,0,0,0,0,0,0,0,0,0,0,0,0,0,0,0,0,0,0,0,0,0,0,0,0,0,0,0,0,0,0,0,0,0,0,0,0,0,0,0,0,0,0,0,0,0,0,0,0,0,0,0,0,0,0,0,0,0,0,0,0,0,0,0,0,0,0,0,0,0,0,0,0,0,0,0,0,0,0,0,0,0,0,0,0,0,0,0,0,0,0,0,0,0,0,0,0,0,0,0,0,0,0,0,0,0,0,0,0,0,0,0,0,0,0,0,0,0,0,0,0,0,0,0,0,0,0,0,0,0,0,0,0,0,0,0,0,0,0,0,0,0,0,0,0,0,0,0,0,0,0,0,0,0,0,0,0,0,0,0,0,0,0,0,0,0,0,0,0,0,0,0,0,0,0,0,0,0,0,0,0,0,0,0,0,0,0,0,0,0,0,0,0,0,0,0,0,0,0,0,0,0,0,0,0,0,0,0,0,0,0,0,0,0,0,0,0,0,0,0,0,0,0,0,0,0,0,0,0,0,0,0,0,0,0,0,0,0,0,0,0,0,0,0,0,0,0,0,0,0,0,0,0,0,0,0,0,0,0,0,0,0,0,0,0,0,0,0,0,0,0,0,0,0,0,0,0,0,0,0,0,0,0,0,0,0,0,0,0,0,0,0,0,0,0,0,0,0,0,0,0,0,0,0,0,0,0,0,0,0,0,0,0,0,0,0,0,0,0,0,0,0,0,0,0,0,0,0,0,0,0,0,0,0,0,0,0,0,0,0,0,0,0,0,0,0,0,0,0,0,0,0,0,0,0,0,0,0,0,0,0,0,0,0,0,0,0,0,0,0,0,0,0,0,0,0,0,0,0,0,0,0,0,0,0,0,0,0,0,0,0,0,0,0,0,0,0,0,0,0,0,0,0,0,0,0,0,0,0,0,0,0,0,0,0,0,0,0,0,0,0,0,0,0,0,0,0,0,0,0,0,0,0,0,0,0,0,0,0,0,0,0,0,0,0,0,0,0,0,0,0,0,0,0,0,0,0,0,0,0,0,0,0,0,0,0,0,0,0,0,0,0,0,0,0,0,0,0,0,0,0,0,0,0,0,0,0,0,0,0,0,0,0,0,0,0,0,0,0,0,0,0,0,0,0,0,0,0,0,0,0,0,0,0,0,0,0,0,0,0,0,0,0,0,0,0,0,0,0,0,0,0,0,0,0,0,0,0,0,0,0,0,0,0,0,0,0,0,0,0,0,0,0,0,0,0,0,0,0,0,0,0,0,0,0,0,0,0,0,0,0,0,0,0,0,0,0,0,0,0,0,0,0,0,0,0,0,0,0,0,0,0,0,0,0,0,0,0,0,0,0,0,0,0,0,0,0,0,0,0,0,0,0,0,0,0,0,0,0,0,0,0,0,0,0,0,0,0,0,0,0,0,0,0,0,0,0,0,0,0,0,0,0,0,0,0,0,0,0,0,0,0,0,0,0,0,0,0,0,0,0,0,0,0,0,0,0,0,0,0,0,0,0,0,0,0,0,0,0,0,0,0,0,0,0,0,0,0,0,0,0,0,0,0,0,0,0,0,0,0,0,0,0,0,0,0,0,0,0,0,0,0,0,0,0,0,0,0,0,0,0,0,0,0,0,0,0,0,0,0,0,0,0,0,0,0,0,0,0,0,0,0,0,0,0,0,0,0,0,0,0,0,0,0,0,0,0,0,0,0,0,0,0,0,0,0,0,0,0,0,0,0,0,0,0,0,0,0,0,0,0,0,0,0,0,0,0,0,0,0,0,0,0,0,0,0,0,0,0,0,0,0,0,0,0,0,0,0,0,0,0,0,0,0,0,0,0,0,0,0,0,0,0,0,0,0,0,0,0,0,0,0,0,0,0,0,0,0,0,0,0,0,0,0,0,0,0,0,0,0,0,0,0,0,0,0,0,0,0,0,0,0,0,0,0,0,0,0,0,0,0,0,0,0,0,0,0,0,0,0,0,0,0,0,0,0,0,0,0,0,0,0,0,0,0,0,0,0,0,0,0,0,0,0,0,0,0,0,0,0,0,0,0,0,0,0,0,0,0,0,0,0,0,0,0,0,0,0,0,0,0,0,0,0,0,0,0,0,0,0,0,0,0,0,0,0,0,0,0,0,0,0,0,0,0,0,0,0,0,0,0,0,0,0,0,0,0,0,0,0,0,0,0,0,0,0,0,0,0,0,0,0,0,0,0,0,0,0,0,0,0,0,0,0,0,0,0,0,0,0,0,0,0,0,0,0,0,0,0,0,0,0,0,0,0,0,0,0,0,0,0,0,0,0,0,0,0,0,0,0,0,0,0,0,0,0,0,0,0,0,0,0,0,0,0,0,0,0,0,0,0,0,0,0,0,0,0,0,0,0,0,0,0,0,0,0,0,0,0,0,0,0,0,0,0,0,0,0,0,0,0,0,0,0,0,0,0,0,0,0,0,0,0,0,0,0,0,0,0,0,0,0,0,0,0,0,0,0,0,0,0,0,0,0,0,0,0,0,0,0,0,0,0,0,0,0,0,0,0,0,0,0,0,0,0,0,0,0,0,0,0,0,0,0,0,0,0,0,
-18,15,24,-60,30,6,-32,-11,45,-24,-18,-6,4,-16,-16,9,32,-6,29,-5,-34,17,4,14,-9,28,-44,8,-19,-33,-1,-43,
-36,-34,-34,-7,7,-29,-7,-32,22,8,11,7,-10,-5,38,26,-27,35,44,5,-12,21,-47,30,20,10,-43,-26,6,-5,4,21,
-14,0,-12,-45,26,-34,0,-49,12,-24,48,-8,0,29,15,28,16,-41,14,24,-56,5,-17,-13,-55,-39,43,-12,-17,-4,-36,-5,
23,-9,-22,-22,-25,-44,-23,-37,35,-10,22,-23,49,-42,9,18,2,14,-18,25,24,72,26,16,21,33,-11,-45,-9,25,-29,16,
-5,16,-36,16,34,-27,48,-6,32,2,18,-28,36,-23,18,36,-58,-45,-27,29,-12,7,-18,-29,14,31,-20,13,-6,6,-5,16,
3,-10,-3,5,-21,28,20,-34,-16,-43,-2,12,-17,-10,-4,14,11,13,8,-11,-40,4,-28,-8,-15,15,18,-14,-33,8,-11,30,
42,14,19,-14,-16,-24,-14,-4,-20,30,40,23,-47,23,-17,7,-28,34,-40,31,2,-16,2,-28,-14,-24,15,67,41,-33,40,9,
17,27,16,-81,-15,-37,-6,11,-11,15,-21,21,14,20,-26,-5,-19,20,31,-22,-61,39,19,-11,-2,48,90,-2,48,-37,-12,-14,
-42,10,-32,-35,-6,34,0,69,-34,-47,-14,-38,-24,-33,14,3,39,-9,-16,21,-5,36,14,-13,16,-10,14,-13,-33,-29,4,-30,
-21,15,-3,-40,-47,19,27,-33,-39,-12,16,-32,-3,-4,43,-32,7,-10,1,15,11,10,-26,-30,3,-22,-3,-29,21,6,-41,-48,
18,-50,16,-23,-15,-18,1,-45,9,-47,10,-20,-13,20,35,-41,-2,13,-1,-32,6,55,4,-24,-43,-20,68,0,-2,-16,0,34,
19,-30,-27,-35,41,-17,-81,-80,35,54,-53,-73,18,-21,-34,-23,-30,69,-12,-16,-51,70,15,32,4,-13,33,-6,3,-8,47,-61,
11,-7,10,2,40,-9,-15,52,-39,15,-61,-11,6,10,-4,-4,1,-21,-70,33,-20,76,-25,-5,-53,-20,34,-39,13,0,-58,41,
-3,-18,-9,-16,24,36,20,16,38,-29,40,-39,-45,-9,-25,-23,-35,26,30,-24,-20,-25,35,23,-1,-32,44,8,-12,-2,-3,49,
-42,-49,-3,-54,1,-19,-30,43,2,27,-14,-34,37,-25,-43,16,12,-7,18,12,-2,34,29,-15,-34,-30,-18,37,-21,15,-13,14,
-20,-25,-11,-39,-11,32,8,7,30,-24,16,3,-42,-12,-24,46,1,-4,-21,-37,22,11,-13,-6,35,12,1,-30,-53,-17,25,-37,
-38,-37,13,-1,22,-1,-1,98,9,-20,45,23,58,-38,-31,-28,12,-3,28,46,-23,21,-18,31,-33,18,-54,54,-6,-15,13,4,
-27,-1,-33,10,-19,-11,-39,-19,-9,10,-3,-14,14,18,-29,5,-18,10,-5,7,28,-51,14,-14,-16,20,30,52,-28,-21,-26,4,
-13,-6,15,-5,33,8,-42,27,-2,18,14,-23,-38,18,-10,13,27,31,-46,32,45,-51,-5,-33,-22,17,3,29,-12,19,15,-27,
14,34,-24,-13,28,-15,-63,12,17,38,-71,-19,-23,14,-56,-39,-29,18,34,-9,12,17,-11,32,28,6,48,0,10,32,27,-60,
-24,-25,23,-56,-54,-25,6,0,28,-27,20,9,6,-35,43,19,-23,27,52,3,-47,14,1,26,-52,25,13,-67,19,-23,-54,50,
-13,26,-17,52,24,-15,-36,-56,28,-16,-20,-38,83,12,20,-36,-12,-15,23,14,31,-15,-49,-41,28,20,-27,-13,-28,35,8,1,
26,-29,19,-54,-31,-24,34,4,-38,-8,-29,21,14,15,34,-10,19,5,-25,-26,-40,27,-6,-25,31,47,16,24,-32,25,0,33,
-20,-8,-46,-42,-6,-13,-22,-28,37,-36,38,38,8,-18,-25,43,32,-17,26,-16,-46,5,9,-23,32,35,-66,-18,-58,22,-44,-21,
0,-40,26,5,-41,-5,44,-7,24,-23,-54,-15,-8,-5,2,26,28,6,-43,-19,-10,69,3,27,3,32,66,-21,-43,30,-6,-14,
8,-49,-61,25,-3,24,-64,51,-7,12,-50,20,-44,-44,-7,-28,32,5,-13,7,4,-33,12,10,24,-28,30,11,35,-11,32,2,
1,16,7,-8,-11,-5,-38,1,-52,7,-56,-56,29,20,-30,21,24,33,-11,8,26,-42,4,1,-13,1,-8,-13,-4,-30,31,-50,
35,-11,10,-9,-40,12,30,-17,8,4,-25,5,5,14,10,-23,19,-16,-41,-16,-9,7,-11,-43,15,-16,-31,60,22,-25,23,1,
42,-2,0,8,-23,27,11,-56,-8,28,-47,-7,-34,-7,31,4,32,0,7,-22,-10,40,4,5,23,0,61,-10,-2,7,27,-14,
-38,-23,11,7,9,1,-20,21,28,-20,33,-30,30,22,-33,39,-11,-12,-13,22,41,-5,-19,-24,-30,14,-32,33,6,32,12,-21,
-38,-30,-39,-38,25,-37,-41,6,-1,22,14,-13,-16,12,20,30,-29,-22,-3,-16,16,-21,-33,6,15,36,-12,-4,-35,-39,-14,-31,
-21,8,10,9,-8,15,7,-40,10,24,-18,-34,3,-4,29,3,32,29,-2,-11,-24,-38,-17,21,-43,32,-18,12,12,38,38,3,
-36,24,21,17,-8,21,-37,-25,-41,-1,-40,11,-41,-2,-3,-27,31,-35,35,-38,33,-4,-42,-18,29,-42,-9,-8,-16,16,40,-25,
-28,-16,16,-12,10,31,-59,-5,35,-18,21,-3,-34,13,-14,-20,37,-23,-4,31,-58,-25,-29,2,-18,4,30,-45,4,33,-32,26,
-24,8,-27,-36,29,2,-27,8,-37,40,0,19,-6,-16,-16,12,7,6,37,12,-15,-19,-12,5,-29,-24,44,-17,10,30,52,19,
0,-25,30,-31,-46,0,-12,-18,-40,-31,26,-4,-58,26,13,9,-12,7,-27,-60,51,-22,18,-50,-4,-46,-91,10,-51,38,50,-34,
3,-6,24,29,25,11,-27,-14,19,-39,59,30,-25,-53,-29,-41,14,5,-22,28,-5,-15,-33,-36,45,-35,-18,2,-42,35,-47,29,
19,-15,8,15,25,-8,-21,-7,28,-25,-26,-36,-29,13,-14,-32,-8,-30,-3,-35,0,29,-4,-50,4,44,-14,31,-17,26,57,20,
-42,13,-33,27,35,-28,-8,-56,-12,-1,22,-25,8,-12,-26,-30,25,30,-15,-46,2,-4,3,38,-23,-39,57,-31,25,32,-32,7,
-29,18,-30,-8,-36,-3,30,10,16,-22,-20,1,-35,-48,4,54,-4,-23,28,-27,-8,-16,-35,36,40,-35,-39,-15,-26,12,-26,-45,
17,27,30,18,43,-9,-26,-4,-20,-18,30,-4,51,-16,-4,-12,-25,-26,28,-16,-35,17,31,43,-52,-30,52,-21,-13,26,-23,-37,
47,-45,14,-31,3,-27,-40,19,-3,11,7,33,21,-13,-43,7,-37,4,-20,-21,-25,15,-28,-21,12,0,72,-18,21,21,-24,15,
21,31,-4,1,0,19,-32,-10,-10,-57,46,6,17,-23,-6,1,2,-36,-40,-24,35,-25,-8,-6,-34,-18,-45,12,-12,28,8,-21,
-3,28,41,33,-26,3,16,-47,-8,-35,18,7,16,29,12,-19,9,11,-42,-4,28,-61,-28,-57,42,-41,50,21,-11,-31,-5,-36,
28,4,23,-44,-10,16,-36,-44,-12,-2,0,31,13,-29,-21,33,-32,1,62,-60,39,16,-5,12,-35,14,58,-5,-43,2,17,-24,
36,5,36,-13,3,20,18,-56,-34,17,1,-52,65,-41,32,-15,-3,15,-20,14,24,39,-20,33,0,-4,25,28,15,-14,13,-46,
1,18,26,-29,-5,-12,15,-61,12,5,9,-38,9,-34,12,29,20,-21,43,-12,-15,-17,18,0,-16,-33,-59,-25,-37,20,41,14,
-21,-5,37,-14,-54,-30,-15,-7,-3,17,-23,22,25,22,3,11,-7,32,7,-15,-11,40,-8,-24,-8,-4,-62,0,50,29,23,9,
-3,5,-6,-28,-2,-6,-51,24,16,-7,-66,5,-5,27,-6,4,-15,-35,14,50,-53,12,29,-9,37,-25,65,-27,12,-15,-42,36,
-17,45,23,-11,3,-8,-25,-21,-54,-3,35,-19,71,35,10,-39,16,24,1,9,-34,-48,-23,-44,-16,28,8,52,12,-27,-24,-52,
3,-38,37,-54,-37,-39,0,-57,-44,-7,-29,31,-36,-9,-17,40,-38,57,16,-46,-20,20,19,5,7,-14,12,11,6,18,14,62,
-21,-1,37,-43,-43,-28,-42,4,35,4,-46,25,34,-14,11,22,22,-49,-21,8,-17,70,-33,33,-10,39,-16,25,-7,-10,29,-40,
7,-32,45,-10,12,21,19,88,38,22,-22,39,-43,-26,4,45,26,27,-16,-40,45,-27,-5,35,17,-6,-34,54,20,40,28,14,
32,30,32,57,6,27,0,54,35,33,-13,18,9,2,24,-1,40,-10,2,25,-23,-21,-4,-9,-37,-22,-16,52,-16,-26,-30,32,
3,13,-7,-21,-8,17,-37,-27,13,-32,-27,-38,54,39,-47,-36,10,-23,-19,9,6,71,7,-2,-11,29,35,-53,-38,2,-21,-36,
-15,2,-20,46,-25,23,10,-29,10,-32,43,8,-46,36,-14,29,4,-15,12,-38,-1,-12,9,-4,-41,-6,-9,56,-30,-27,12,-5,
16,11,30,13,51,-3,-80,-8,-32,-15,-65,-4,-10,6,-61,-19,-7,29,-59,14,-79,39,-37,-5,0,-33,-24,-5,41,-4,-14,-28,
0,26,-22,42,31,-17,5,-12,28,8,9,16,20,-40,-24,1,8,7,-35,-1,35,63,-6,-36,-21,48,-37,-24,18,-36,19,-12,
7,35,11,37,16,-9,13,0,-24,-6,-29,-38,14,45,40,14,-36,-2,-2,12,-25,-26,-13,23,29,23,-31,-22,-23,-35,-16,4,
5,-29,-1,6,-12,-13,22,-8,13,-42,0,20,-34,35,34,23,12,-37,-49,-32,34,-8,-29,2,-5,17,42,-8,-30,38,-33,-6,
-7,-21,-32,1,36,40,7,21,23,26,13,21,-17,19,-5,15,-20,42,12,1,31,-10,24,-5,-36,-37,70,22,4,-5,11,31,
-6,-2,27,11,-39,1,46,-18,-5,-44,-18,-16,-6,-22,22,-12,9,0,-8,-32,23,9,27,-10,-7,39,41,-33,12,-40,27,28,
36,19,-20,-3,24,-21,7,-46,37,-37,4,42,-5,-5,-11,-12,29,12,-13,-45,4,12,-33,-5,-7,24,14,-16,3,18,11,16,
7,-5,-11,-58,-4,22,-54,18,-50,15,-32,-44,-45,37,-51,-23,-8,-11,18,37,-60,-7,-28,-2,-54,21,-27,-8,24,-21,13,16,
-9,23,-21,-12,-32,26,-2,-4,-7,8,-11,-27,-22,-27,-17,11,-25,-7,26,16,13,9,-32,21,-5,34,11,26,2,-27,21,1,22,6,-17,-19,-1,-36,9,24,5,28,2,-19,-6,12,11,18,-26,27,8,-8,16,-26,-25,-31,-80,-10,-8,6,15,2,25,10,
-11,29,-19,29,13,30,-3,21,33,17,-8,38,22,4,26,27,-13,-22,-33,-15,-2,24,-12,11,34,14,10,7,-14,30,29,24,-16,12,-20,21,-17,-5,-8,1,42,14,-7,18,-6,13,-63,1,11,6,4,9,-14,1,-6,-12,-20,15,-13,12,-24,-6,-26,-23,
0,-6,10,-18,26,18,16,-30,1,-32,-5,40,24,-24,17,12,14,-1,15,1,16,5,-22,-15,3,29,0,31,-14,20,16,-16,-12,24,13,16,-33,7,-24,32,-32,7,4,-28,34,16,-27,28,5,4,-2,-6,22,-10,2,-6,-19,45,-16,-35,0,-22,-11,-8,
-6,20,-14,16,-23,-7,-4,-27,-15,0,-29,31,-29,-7,-2,18,-27,-25,14,-2,-6,-10,-22,-3,10,17,29,-11,-11,-19,-22,-24,-2,7,-26,-5,-14,-11,23,24,-8,-11,-17,-19,-3,13,27,2,-22,0,4,-36,-32,-13,26,16,-16,2,23,15,5,-25,-39,-29,
-1,7,7,9,-22,-1,-35,23,6,-37,-34,-6,7,13,1,15,-17,-10,20,17,-2,21,17,-15,-28,-32,8,-25,2,10,-9,-20,-26,8,-26,-3,13,-1,-14,6,19,-30,-8,24,-21,14,10,5,-11,-19,-16,-20,-22,-29,2,-13,-29,-28,-29,13,3,-34,-30,-19,
-2,-8,0,0,23,20,-12,28,-22,-65,21,-40,-38,7,48,18,22,-18,9,17,13,21,2,-11,-25,25,16,-10,-19,9,9,-27,0,17,-7,-20,17,12,5,56,-27,1,25,26,33,-24,4,4,-11,-50,-7,1,33,-13,-53,-31,-4,-12,26,-27,22,-29,21,-25,
9,20,5,36,-11,13,-10,14,6,-33,22,-50,-22,7,26,9,1,13,2,-14,-10,-12,-1,31,6,10,-40,-2,-14,14,15,-15,-8,16,-28,25,-25,-19,19,6,-7,-11,-11,-1,11,-19,-15,27,3,-31,-22,46,-6,14,-44,59,16,-9,-16,34,22,4,-22,19,
37,24,-1,-19,-28,-28,-19,-8,-25,-18,8,-7,-20,37,6,32,-36,-27,5,-2,9,16,32,23,14,27,-13,1,-2,-30,12,22,-17,23,27,-46,-19,28,-20,34,42,27,20,28,2,26,14,-32,5,-11,-5,-10,6,2,10,-46,61,-2,-25,-34,26,-12,-72,-5,
-30,9,23,-26,-4,6,-22,-34,-24,44,-18,-124,-11,-34,-65,-25,7,-18,-36,-2,0,-13,13,0,0,15,12,-7,6,-12,28,22,-23,31,15,19,8,-23,-14,-42,22,20,-45,19,19,19,-68,4,-26,-22,-22,-29,-11,-19,-71,32,-68,-9,29,-23,17,9,-4,15,
-12,-28,14,40,-1,-22,-22,21,-18,21,14,-9,31,-33,-35,-23,0,-9,31,9,-14,25,10,5,-7,18,25,9,12,-23,-27,9,8,-30,-44,23,-13,26,-15,-50,29,-30,15,-31,-16,5,22,13,-4,-19,14,-4,5,-9,48,59,71,42,26,30,29,4,-23,-17,
-4,26,8,-41,18,27,12,-35,21,21,-25,2,-2,18,15,-14,-3,7,27,-28,28,-1,17,-5,26,-5,-7,-23,-17,14,-15,32,13,13,4,-7,-18,5,-17,8,-33,-5,47,18,-3,19,-7,14,17,21,22,-20,-21,-16,-11,-8,10,21,30,-9,0,22,16,12,
-6,-3,16,3,-19,12,0,-14,14,-18,2,45,-18,-11,11,-5,-10,9,-9,9,7,0,15,-24,-27,28,19,-9,11,0,-6,-2,-28,-12,3,-21,-22,8,5,-60,-18,-23,5,35,11,-29,-29,-5,-1,29,-6,-30,-39,11,0,28,30,-1,-3,-9,-1,-14,-29,-9,
-2,5,-1,-1,-5,28,3,-13,31,11,-25,31,-14,5,26,32,-12,-6,-29,-17,22,-35,-18,-25,0,-21,-27,4,-17,-14,21,-29,-15,-16,-8,57,28,-12,-3,19,-44,3,-15,16,24,-9,-37,-1,-4,-47,0,-22,0,4,-1,6,-45,32,3,19,29,24,-1,-28,
26,-21,-10,6,37,-22,-10,50,-24,-53,-26,59,39,-26,5,-39,-25,-23,-29,37,-7,-23,-18,-20,-13,19,26,4,24,3,-17,-9,14,19,21,-25,0,-6,-7,39,-5,8,-38,3,-15,35,-16,15,-1,7,21,21,-17,5,0,-22,-6,17,17,-23,24,2,13,0,
29,-12,-4,-3,12,19,-33,18,-22,-63,25,-39,-65,28,-35,-40,23,17,10,15,-4,18,-5,9,11,27,-10,10,21,-15,-5,-18,17,29,-7,-61,1,10,-16,-13,-35,23,-1,41,-12,-8,21,10,-4,-40,5,10,1,4,-38,-30,16,-10,19,26,23,-3,-59,17,
5,-26,-31,6,-1,19,13,-33,16,-22,-6,-35,-30,-8,37,1,9,5,-11,-31,9,19,-36,-3,15,-11,19,2,-10,7,8,-31,18,-15,6,-23,-16,-28,22,36,2,-28,-8,3,5,-13,-20,20,14,21,6,4,-26,3,-16,8,-29,35,2,20,-12,6,10,-32,
22,-14,29,14,10,15,1,22,24,-12,-12,-16,1,2,17,-3,-13,-8,24,-12,5,-24,6,30,-25,-12,-7,-3,-11,-26,18,19,19,1,21,-32,9,-10,27,-48,6,5,4,5,-27,-40,-3,-7,-14,-4,21,14,-10,-12,-56,44,14,23,6,24,9,16,-119,-42,
16,-1,9,13,-20,-4,20,37,-30,11,16,46,-3,1,12,12,11,12,-18,16,-15,4,8,11,-11,7,-26,24,-3,6,-10,22,21,-33,0,8,7,17,-10,-27,-23,18,-9,15,24,0,35,12,26,-23,6,-7,-43,10,59,27,97,0,-24,-1,-11,-9,-48,15,
32,-38,2,-5,9,-8,5,-30,19,-25,27,-36,-33,-20,31,19,33,-3,15,20,20,-10,-14,44,14,26,15,-7,13,12,-24,31,-10,-11,-12,0,20,26,1,-50,-13,-25,-29,-27,25,-26,25,12,4,-39,30,29,-18,-9,-42,22,23,-19,7,-20,24,5,-33,-12,
15,15,-7,-16,-4,-31,6,36,-17,7,-23,5,0,-28,-3,-20,-8,-10,-11,19,-3,27,15,17,18,-15,-3,10,15,-5,-3,23,-21,8,32,-10,-15,28,-28,-8,18,-24,-22,-4,23,8,23,32,27,-4,4,-3,19,-29,44,-47,31,-26,22,-19,-25,24,-19,14,
-6,6,34,-40,-24,-25,5,21,-12,5,-13,-38,-24,17,-2,-13,21,-26,-2,-15,24,-14,31,9,-4,3,-69,-41,-14,17,-23,-5,29,-26,-29,-8,24,-17,-28,-74,9,10,-6,-36,-20,16,44,40,17,-62,-35,-29,-37,4,-56,6,76,-29,-22,-22,3,9,-62,-21,
3,-51,12,-31,-23,-19,-33,-31,-8,-42,-6,46,-75,19,-41,20,-22,27,47,-3,12,-27,45,-16,-7,18,-38,-18,14,-24,-57,-10,-4,15,-19,-13,9,-9,27,-76,-1,-11,-29,23,-16,-13,42,0,17,-37,22,-5,-38,-3,46,-30,93,-32,-21,35,-11,1,-32,4,
-2,-5,8,-37,8,-28,28,2,-2,42,21,6,-7,16,8,-14,6,7,30,37,-11,20,15,-24,20,6,-18,14,-1,-11,11,2,2,31,5,-27,-8,9,-22,-40,16,12,-27,51,-15,32,-11,28,-12,42,-15,12,24,30,18,-2,6,-41,5,-32,-12,18,18,12,
19,45,-21,9,-17,1,-29,-36,12,-13,29,-29,-15,12,-6,45,-15,-8,11,-5,26,-14,-6,30,-10,18,-22,-45,9,-23,-33,1,-11,-15,12,41,-52,0,34,-27,8,-12,-18,-16,-38,-30,-50,-34,-27,-22,21,35,-11,26,-4,10,-49,-2,38,9,16,17,24,-17,
22,-26,-27,7,-16,31,22,-2,-30,-3,-25,22,-25,7,-9,21,1,-15,24,-37,0,-40,0,-19,-20,36,16,-30,-11,16,11,-7,-13,-26,18,5,-1,-2,-12,7,2,-1,-8,-23,-9,-9,20,-60,-4,-24,-21,12,9,12,7,17,-15,-23,-13,32,17,17,-3,-3,
-50,-15,11,-8,25,-32,-13,18,-12,-50,-6,-11,48,-16,17,-19,-1,-25,-3,-8,6,-26,0,-26,-23,-65,-15,-8,-4,-5,13,-10,-6,-29,-8,-55,50,16,-2,-56,59,-14,7,-7,2,2,6,38,-26,17,0,28,-38,-11,-34,6,39,10,-5,-8,12,15,-31,-8,
13,0,20,-13,1,-14,3,32,20,-18,17,9,-22,7,13,-1,-12,26,1,25,-6,-17,-29,-36,-14,15,-27,-32,13,14,-34,-9,24,-16,-42,3,-13,-14,3,-14,-25,19,3,-12,-29,-40,24,-17,-15,-3,-17,17,-5,-5,-31,18,53,-17,6,-12,15,-13,-32,-16,
9,-28,16,-24,-37,-15,-3,21,-12,-27,-10,7,8,-20,21,30,2,16,28,5,-27,23,1,18,-23,7,-6,25,24,-14,3,22,21,6,-3,-48,-12,-23,31,-65,24,-15,6,38,-21,-13,-35,-12,20,7,-19,18,7,12,-8,6,13,-31,-6,-7,-32,-22,-8,6,
18,-18,-16,-16,-15,28,-10,-41,28,26,-28,0,-49,-24,35,18,6,-28,-12,-35,-5,-12,-16,-6,28,-61,7,2,-7,4,9,1,-7,8,44,-3,-28,-37,16,37,-3,13,7,57,-33,-3,-25,-4,-14,41,-16,-25,1,-9,13,-41,-23,-22,-8,-32,-44,-9,0,27,
-22,-3,9,-11,-6,-1,-11,-40,0,37,5,-45,-16,31,-69,-36,-18,24,-8,-13,17,-46,5,-27,-34,-19,-16,-20,11,18,-20,29,-60,25,-28,6,19,-6,-3,-56,-26,-36,-53,-28,18,-27,-52,10,14,-16,-11,-21,9,22,-37,22,-121,-17,23,-18,-21,18,-5,0,
5,-10,34,31,-31,28,-17,-10,33,37,-25,-23,-49,23,34,-3,-6,-25,20,-32,-13,6,-23,-13,31,-65,-27,-16,-19,35,-29,13,27,-13,0,-47,42,-4,-4,-35,61,-4,-39,-5,-23,12,7,37,-29,10,-18,-30,-8,-9,-29,-18,8,12,12,-17,6,28,-65,-6,
16,-3,20,-44,-7,-21,23,14,-25,-11,14,37,-7,19,2,-42,-31,-15,27,26,-18,-23,18,0,-29,31,4,-22,5,-34,-6,-13,4,9,-15,-33,-5,-12,13,-11,-14,17,19,-29,18,-15,40,-25,-18,-23,9,-4,-7,16,17,-64,81,-24,-2,-19,20,4,-5,2,
0,-31,48,52,25,-57,-28,-83,-53,31,-26,-65,-1,-40,43,20,5,58,12,-10,-36,8,16,-58,-24,38,-67,-99,-97,104,67,47,
0,-67,67,-65,-53,32,94,2,15,-39,22,22,-46,31,101,-58,17,60,93,16,-1,9,57,-78,59,-41,-43,-61,-105,16,-40,38,
0,9,50,56,37,68,12,-13,3,-19,11,-58,-39,-40,21,16,44,-82,41,29,-25,-43,-64,-14,44,14,28,-17,67,-51,-80,37,
0,55,-37,54,60,-65,62,-26,69,-6,11,-14,-7,16,14,43,8,52,79,-18,27,21,-45,85,-37,65,12,30,36,-63,4,-33,
0,-53,-36,44,18,-46,-14,54,-51,-42,-89,56,-20,-40,36,66,40,-34,-40,-39,7,86,29,45,-47,-67,-29,-10,-36,-8,51,-1,
0,-26,2,21,-69,57,-72,-18,-16,-67,-54,-10,6,-39,28,-19,-76,-45,66,-34,-38,-57,4,63,-51,21,22,-28,-3,5,-70,-67,
0,0,0,0,0,0,0,0,0,0,0,0,0,0,0,0,0,0,0,0,0,0,0,0,0,0,0,0,0,0,0,0,
0,0,0,0,0,0,0,0,0,0,0,0,0,0,0,0,0,0,0,0,0,0,0,0,0,0,0,0,0,0,0,0,
0,0,0,0,0,0,0,0,0,0,0,0,0,0,0,0,0,0,0,0,0,0,0,0,0,0,0,0,0,0,0,0,0,0,0,0,0,0,0,0,0,0,0,0,0,0,0,0,0,0,0,0,0,0,0,0,0,0,0,0,0,0,0,0,0,0,0,0,0,0,0,0,0,0,0,0,0,0,0,0,0,0,0,0,0,0,0,0,0,0,0,0,0,0,0,0,0,0,0,0,0,0,0,0,0,0,0,0,0,0,0,0,0,0,0,0,0,0,0,0,0,0,0,0,0,0,0,0,0,0,0,0,0,0,0,0,0,0,0,0,0,0,0,0,0,0,0,0,0,0,0,0,0,0,0,0,0,0,0,0,0,0,0,0,0,0,0,0,0,0,0,0,0,0,0,0,0,0,0,0,0,0,0,0,0,0,0,0,0,0,0,0,0,0,0,0,0,0,0,0,0,0,0,0,0,0,0,0,0,0,0,0,0,0,0,0,0,0,0,0,0,0,0,0,0,0,0,0,0,0,0,0,0,0,0,0,0,0,0,0,0,0,0,0,0,0,0,0,0,0,0,0,0,0,0,0,0,0,0,0,0,0,0,0,0,0,0,0,0,0,0,0,0,0,0,0,0,0,0,0,0,0,0,0,0,0,0,0,0,0,0,0,0,0,0,0,0,0,0,0,0,0,0,0,0,0,0,0,0,0,0,0,0,0,0,0,0,0,0,0,0,0,0,0,0,0,0,0,0,0,0,0,0,0,0,0,0,0,0,0,0,0,0,0,0,0,0,0,0,0,0,0,0,0,0,0,0,0,0,0,0,0,0,0,0,0,0,0,0,0,0,0,0,0,0,0,0,0,0,0,0,0,0,0,0,0,0,0,0,0,0,0,0,0,0,0,0,0,0,0,0,0,0,0,0,0,0,0,0,0,0,0,0,0,0,0,0,0,0,0,0,0,0,0,0,0,0,0,0,0,0,0,0,0,0,0,0,0,0,0,0,0,0,0,0,0,0,0,0,0,0,0,0,0,0,0,0,0,0,0,0,0,0,0,0,0,0,0,0,0,0,0,0,0,0,0,0,0,0,0,0,0,0,0,0,0,0,0,0,0,0,0,0,0,0,0,0,0,0,0,0,0,0,0,0,0,0,0,0,0,0,0,0,0,0,0,0,0,0,0,0,0,0,0,0,0,0,0,0,0,0,0,0,0,0,0,0,0,0,0,0,0,0,0,0,0,0,0,0,0,0,0,0,0,0,0,0,0,0,0,0,0,0,0,0,0,0,0,0,0,0,0,0,0,0,0,0,0,0,0,0,0,0,0,0,0,0,0,0,0,0,0,0,0,0,0,0,0,0,0,0,0,0,0,0,0,0,0,0,0,0,0,0,0,0,0,0,0,0,0,0,0,0,0,0,0,0,0,0,0,0,0,0,0,0,0,0,0,0,0,0,0,0,0,0,0,0,0,0,0,0,0,0,0,0,0,0,0,0,0,0,0,0,0,0,0,0,0,0,0,0,0,0,0,0,0,0,0,0,0,0,0,0,0,0,0,0,0,0,0,0,0,0,0,0,0,0,0,0,0,0,0,0,0,0,0,0,0,0,0,0,0,0,0,0,0,0,0,0,0,0,0,0,0,0,0,0,0,0,0,0,0,0,0,0,0,0,0,0,0,0,0,0,0,0,0,0,0,0,0,0,0,0,0,0,0,0,0,0,0,0,0,0,0,0,0,0,0,0,0,0,0,0,0,0,0,0,0,0,0,0,0,0,0,0,0,0,0,0,0,0,0,0,0,0,0,0,0,0,0,0,0,0,0,0,0,0,0,0,0,0,0,0,0,0,0,0,0,0,0,0,0,0,0,0,0,0,0,0,0,0,0,0,0,0,0,0,0,0,0,0,0,0,0,0,0,0,0,0,0,0,0,0,0,0,0,0,0,0,0,0,0,0,0,0,0,0,0,0,0,0,0,0,0,0,0,0,0,0,0,0,0,0,0,0,0,0,0,0,0,0,0,0,0,0,0,0,0,0,0,0,0,0,0,0,0,0,0,0,0,0,0,0,0,0,0,0,0,0,0,0,0,0,0,0,0,0,0,0,0,0,0,0,0,0,0,0,0,0,0,0,0,0,0,0,0,0,0,0,0,0,0,0,0,0,0,0,0,0,0,0,0,0,0,0,0,0,0,0,0,0,0,0,0,0,0,0,0,0,0,0,0,0,0,0,0,0,0,0,0,0,0,0,0,0,0,0,0,0,0,0,0,0,0,0,0,0,0,0,0,0,0,0,0,0,0,0,0,0,0,0,0,0,0,0,0,0,0,0,0,0,0,0,0,0,0,0,0,0,0,0,0,0,0,0,0,0,0,0,0,0,0,0,0,0,0,0,0,0,0,0,0,0,0,0,0,0,0,0,0,0,0,0,0,0,0,0,0,0,0,0,0,0,0,0,0,0,0,0,0,0,0,0,0,0,0,0,0,0,0,0,0,0,0,0,0,0,0,0,0,0,0,0,0,0,0,0,0,0,0,0,0,0,0,0,0,0,0,0,0,0,0,0,0,0,0,0,0,0,0,0,0,0,0,0,0,0,0,0,0,0,0,0,0,0,0,0,0,0,0,0,0,0,0,0,0,0,0,0,0,0,0,0,0,0,0,0,0,0,0,0,0,0,0,0,0,0,0,0,0,0,0,0,0,0,0,0,0,0,0,0,0,0,0,0,0,0,0,0,0,0,0,0,0,0,0,0,0,0,0,0,0,0,0,0,0,0,0,0,0,0,0,0,0,0,0,0,0,0,0,0,0,0,0,0,0,0,0,0,0,0,0,0,0,0,0,0,0,0,0,0,0,0,0,0,0,0,0,0,0,0,0,0,0,0,0,0,0,0,0,0,0,0,0,0,0,0,0,0,0,0,0,0,0,0,0,0,0,0,0,0,0,0,0,0,0,0,0,0,0,0,0,0,0,0,0,0,0,0,0,0,0,0,0,0,0,0,0,0,0,0,0,0,0,0,0,0,0,0,0,0,0,0,0,0,0,0,0,0,0,0,0,0,0,0,0,0,0,0,0,0,0,0,0,0,0,0,0,0,0,0,0,0,0,0,0,0,0,0,0,0,0,0,0,0,0,0,0,0,0,0,0,0,0,0,0,0,0,0,0,0,0,0,0,0,0,0,0,0,0,0,0,0,0,0,0,0,0,0,0,0,0,0,0,0,0,0,0,0,0,0,0,0,0,0,0,0,0,0,0,0,0,0,0,0,0,0,0,0,0,0,0,0,0,0,0,0,0,0,0,0,0,0,0,0,0,0,0,0,0,0,0,0,0,0,0,0,0,0,0,0,0,0,0,0,0,0,0,0,0,0,0,0,0,0,0,0,0,0,0,0,0,0,0,0,0,0,0,0,0,0,0,0,0,0,0,0,0,0,0,0,0,0,0,0,0,0,0,0,0,0,0,0,0,0,0,0,0,0,0,0,0,0,0,0,0,0,0,0,0,0,0,0,0,0,0,0,0,0,0,0,0,0,0,0,0,0,0,0,0,0,0,0,0,0,0,0,0,0,0,0,0,0,0,0,0,0,0,0,0,0,0,0,0,0,0,0,0,0,0,0,0,0,0,0,0,0,0,0,0,0,0,0,0,0,0,0,0,0,0,0,0,0,0,0,0,0,0,0,0,0,0,0,0,0,0,0,0,0,0,0,0,0,0,0,0,0,0,0,0,0,0,0,0,0,0,0,0,0,0,0,0,0,0,0,0,0,0,0,0,0,0,0,0,0,0,0,0,0,0,0,0,0,0,0,0,0,0,0,0,0,0,0,0,0,0,0,0,0,0,0,0,0,0,0,0,0,0,0,0,0,0,0,0,0,0,0,0,0,0,0,0,0,0,0,0,0,0,0,0,0,0,0,0,0,0,0,0,0,0,0,0,0,0,0,0,0,0,0,0,0,0,0,0,0,0,0,0,0,0,0,0,0,0,0,0,0,0,0,0,0,0,0,0,0,0,0,0,0,0,0,0,0,0,0,0,0,0,0,0,0,0,

};