signed char w2 [] = {
-14,-52,8,-17,39,-20,0,-20,-66,-33,79,-8,-42,-10,82,-15,
-39,-55,-87,-51,-8,-22,-19,32,-35,61,-2,-72,-73,46,22,-50,
-54,-16,39,-59,50,-66,-25,-55,49,62,-15,-63,69,9,32,87,
-16,-43,-36,-88,-23,29,30,-49,73,59,-58,-78,42,-44,26,-6,
-42,-41,21,12,-43,39,-48,-50,-20,21,60,10,-61,-82,19,48,
-47,6,58,72,84,-2,15,50,-22,-39,34,-47,-16,-11,-22,-45,
32,-22,-44,-21,38,43,35,-29,-31,63,45,-10,-15,19,-32,27,
-67,-10,43,-66,-40,63,-41,-6,98,7,41,13,23,16,-20,58,
-61,-85,0,-25,-8,-95,-20,50,76,37,75,-30,-53,-6,21,5,
32,18,-90,-89,-6,68,46,-7,-72,21,65,47,10,-88,-51,60,
66,47,-1,-84,40,-67,32,-28,40,-63,-54,-66,-29,54,17,-17,
76,36,-105,-86,1,-50,-49,-40,-15,70,1,10,-9,-68,-8,-56,
38,-41,-36,-40,-37,-91,-15,63,84,44,62,35,-35,-91,48,31,
-2,-9,-34,-39,-85,-38,-60,-65,-61,-36,-12,64,21,1,94,41,
-25,71,-65,20,5,13,-23,3,-9,-33,-20,-10,-8,39,-67,-62,
20,-57,25,-38,-50,9,53,-40,51,-32,29,30,-72,-27,-66,-76,
-45,25,71,93,-27,-29,-40,71,-11,38,11,79,-21,36,46,6,
27,41,43,-1,59,71,-49,-92,32,43,-15,65,-18,-26,13,-18,
47,32,27,0,-67,24,29,-53,11,-42,-32,-24,-28,-65,-115,-45,
27,53,-37,-27,43,22,-92,-93,45,-83,9,-65,-72,-38,-49,-49,
25,-60,-49,38,-5,-55,-6,-41,-46,-55,71,-36,-54,-23,34,-80,
66,-26,-25,58,-17,46,-30,-39,-32,30,-71,-67,-80,43,-2,17,
-47,31,56,41,70,57,-15,-11,-29,-66,-1,40,-42,18,11,-10,
29,-84,32,-60,37,64,26,-5,42,37,49,90,-90,-80,-30,-2,
57,28,-14,40,-46,-43,-45,-35,67,-29,61,80,-46,-12,67,30,
21,-45,46,26,38,27,-33,-41,-12,-8,-97,-37,50,-13,-12,-89,
-57,0,63,31,88,42,-52,-59,4,-10,-15,84,31,27,4,15,
-32,-24,44,-48,27,-54,54,-53,1,-42,112,107,-19,-103,43,-12,
9,-43,92,73,46,-38,35,-57,27,-42,-27,65,-44,10,-46,9,
14,-64,12,8,-47,22,20,52,11,50,-50,-16,96,-14,100,44,
-44,86,-72,-36,24,-36,-66,-30,27,66,-49,-4,-20,1,27,-57,
-64,51,-58,7,-13,15,-13,23,-61,-79,-48,34,-58,-16,-81,41,
0,0,0,0,0,0,0,0,0,0,0,0,0,0,0,0,0,0,0,0,0,0,0,0,0,0,0,0,0,0,0,0,0,0,0,0,0,0,0,0,0,0,0,0,0,0,0,0,0,0,0,0,0,0,0,0,0,0,0,0,0,0,0,0,0,0,0,0,0,0,0,0,0,0,0,0,0,0,0,0,0,0,0,0,0,0,0,0,0,0,0,0,0,0,0,0,0,0,0,0,0,0,0,0,0,0,0,0,0,0,0,0,0,0,0,0,0,0,0,0,0,0,0,0,0,0,0,0,0,0,0,0,0,0,0,0,0,0,0,0,0,0,0,0,0,0,0,0,0,0,0,0,0,0,0,0,0,0,0,0,0,0,0,0,0,0,0,0,0,0,0,0,0,0,0,0,0,0,0,0,0,0,0,0,0,0,0,0,0,0,0,0,0,0,0,0,0,0,0,0,0,0,0,0,0,0,0,0,0,0,0,0,0,0,0,0,0,0,0,0,0,0,0,0,0,0,0,0,0,0,0,0,0,0,0,0,0,0,0,0,0,0,0,0,0,0,0,0,0,0,0,0,0,0,0,0,0,0,0,0,0,0,0,0,0,0,0,0,0,0,0,0,0,0,0,0,0,0,0,0,0,0,0,0,0,0,0,0,0,0,0,0,0,0,0,0,0,0,0,0,0,0,0,0,0,0,0,0,0,0,0,0,0,0,0,0,0,0,0,0,0,0,0,0,0,0,0,0,0,0,0,0,0,0,0,0,0,0,0,0,0,0,0,0,0,0,0,0,0,0,0,0,0,0,0,0,0,0,0,0,0,0,0,0,0,0,0,0,0,0,0,0,0,0,0,0,0,0,0,0,0,0,0,0,0,0,0,0,0,0,0,0,0,0,0,0,0,0,0,0,0,0,0,0,0,0,0,0,0,0,0,0,0,0,0,0,0,0,0,0,0,0,0,0,0,0,0,0,0,0,0,0,0,0,0,0,0,0,0,0,0,0,0,0,0,0,0,0,0,0,0,0,0,0,0,0,0,0,0,0,0,0,0,0,0,0,0,0,0,0,0,0,0,0,0,0,0,0,0,0,0,0,0,0,0,0,0,0,0,0,0,0,0,0,0,0,0,0,0,0,0,0,0,0,0,0,0,0,0,0,0,0,0,0,0,0,0,0,0,0,0,0,0,0,0,0,0,0,0,0,0,0,0,0,0,0,0,0,0,0,0,0,0,0,0,0,0,0,0,0,0,0,0,0,0,0,0,0,0,0,0,0,0,0,0,0,0,0,0,0,0,0,0,0,0,0,0,0,0,0,0,0,0,0,0,0,0,0,0,0,0,0,0,0,0,0,0,0,0,0,0,0,0,0,0,0,0,0,0,0,0,0,0,0,0,0,0,0,0,0,0,0,0,0,0,0,0,0,0,0,0,0,0,0,0,0,0,0,0,0,0,0,0,0,0,0,0,0,0,0,0,0,0,0,0,0,0,0,0,0,0,0,0,0,0,0,0,0,0,0,0,0,0,0,0,0,0,0,0,0,0,0,0,0,0,0,0,0,0,0,0,0,0,0,0,0,0,0,0,0,0,0,0,0,0,0,0,0,0,0,0,0,0,0,0,0,0,0,0,0,0,0,0,0,0,0,0,0,0,0,0,0,0,0,0,0,0,0,0,0,0,0,0,0,0,0,0,0,0,0,0,0,0,0,0,0,0,0,0,0,0,0,0,0,0,0,0,0,0,0,0,0,0,0,0,0,0,0,0,0,0,0,0,0,0,0,0,0,0,0,0,0,0,0,0,0,0,0,0,0,0,0,0,0,0,0,0,0,0,0,0,0,0,0,0,0,0,0,0,0,0,0,0,0,0,0,0,0,0,0,0,0,0,0,0,0,0,0,0,0,0,0,0,0,0,0,0,0,0,0,0,0,0,0,0,0,0,0,0,0,0,0,0,0,0,0,0,0,0,0,0,0,0,0,0,0,0,0,0,0,0,0,0,0,0,0,0,0,0,0,0,0,0,0,0,0,0,0,0,0,0,0,0,0,0,0,0,0,0,0,0,0,0,0,0,0,0,0,0,0,0,0,0,0,0,0,0,0,0,0,0,0,0,0,0,0,0,0,0,0,0,0,0,0,0,0,0,0,0,0,0,0,0,0,0,0,0,0,0,0,0,0,0,0,0,0,0,0,0,0,0,0,0,0,0,0,0,0,0,0,0,0,0,0,0,0,0,0,0,0,0,0,0,0,0,0,0,0,0,0,0,0,0,0,0,0,0,0,0,0,0,0,0,0,0,0,0,0,0,0,0,0,0,0,0,0,0,0,0,0,0,0,0,0,0,0,0,0,0,0,0,0,0,0,0,0,0,0,0,0,0,0,0,0,0,0,0,0,0,0,0,0,0,0,0,0,0,0,0,0,0,0,0,0,0,0,0,0,0,0,0,0,0,0,0,0,0,0,0,0,0,0,0,0,0,0,0,0,0,0,0,0,0,0,0,0,0,0,0,0,0,0,0,0,0,0,0,0,0,0,0,0,0,0,0,0,0,0,0,0,0,0,0,0,0,0,0,0,0,0,0,0,0,0,0,0,0,0,0,0,0,0,0,0,0,0,0,0,0,0,0,0,0,0,0,0,0,0,0,0,0,0,0,0,0,0,0,0,0,0,0,0,0,0,0,0,0,0,0,0,0,0,0,0,0,0,0,0,0,0,0,0,0,0,0,0,0,0,0,0,0,0,0,0,0,0,0,0,0,0,0,0,0,0,0,0,0,0,0,0,0,0,0,0,0,0,0,0,0,0,0,0,0,0,0,0,0,0,0,0,0,0,0,0,0,0,0,0,0,0,0,0,0,0,0,0,0,0,0,0,0,0,0,0,0,0,0,0,0,0,0,0,0,0,0,0,0,0,0,0,0,0,0,0,0,0,0,0,0,0,0,0,0,0,0,0,0,0,0,0,0,0,0,0,0,0,0,0,0,0,0,0,0,0,0,0,0,0,0,0,0,0,0,0,0,0,0,0,0,0,0,0,0,0,0,0,0,0,0,0,0,0,0,0,0,0,0,0,0,0,0,0,0,0,0,0,0,0,0,0,0,0,0,0,0,0,0,0,0,0,0,0,0,0,0,0,0,0,0,0,0,0,0,0,0,0,0,0,0,0,0,0,0,0,0,0,0,0,0,0,0,0,0,0,0,0,0,0,0,0,0,0,0,0,0,0,0,0,0,0,0,0,0,0,0,0,0,0,0,0,0,0,0,0,0,0,0,0,0,0,0,0,0,0,0,0,0,0,0,0,0,0,0,0,0,0,0,0,0,0,0,0,0,0,0,0,0,0,0,0,0,0,0,0,0,0,0,0,0,0,0,0,0,0,0,0,0,0,0,0,0,0,0,0,0,0,0,0,0,0,0,0,0,0,0,0,0,0,0,0,0,0,0,0,0,0,0,0,0,0,0,0,0,0,0,0,
-16,-20,4,38,-30,23,2,3,-21,4,-9,21,-37,26,-7,-15,6,12,18,-23,56,-21,-31,17,31,-31,6,22,-25,16,8,23,
2,21,-31,1,38,26,5,38,40,-18,-15,37,-4,-44,5,-39,-22,-25,-38,-12,-56,0,3,13,-26,-24,44,-57,-21,10,-12,-24,
2,16,-34,12,15,-34,-12,-16,0,-25,-15,23,-39,-2,16,3,9,6,43,37,-14,-60,-9,2,52,-44,8,10,-5,-16,14,-29,
-19,0,-13,29,-29,13,17,-37,-34,-2,-18,-7,-46,-8,24,-33,28,8,0,-33,-31,-50,15,-43,51,-13,70,40,12,-21,-44,43,
-32,10,-20,-35,22,-20,8,-43,3,-31,-47,33,41,33,40,-28,37,-33,-8,6,16,-3,-7,34,-44,-9,-58,8,42,-13,11,-20,
30,-11,25,-96,-23,-35,-2,-6,-25,27,-18,6,-2,-18,7,42,-35,41,-25,-48,-35,24,12,-21,21,-12,-38,26,45,27,46,-25,
4,6,-19,-32,-16,39,34,27,-21,-44,32,-19,16,0,-2,11,-17,-29,24,47,-5,-58,-2,9,-37,-34,-67,56,34,-24,-39,9,
34,-4,10,1,16,1,-2,-32,15,-23,10,-46,12,-17,15,31,-12,8,15,17,-11,3,-30,-27,-6,33,-74,3,26,24,27,-31,
-27,36,20,44,44,-14,21,-11,23,31,-33,6,-23,-37,-21,-37,23,-11,-23,-15,-43,0,-6,-36,8,-31,14,-62,50,-21,-4,-1,
-31,26,5,-14,-15,20,12,-13,19,-27,36,-4,-11,15,-11,52,8,-29,28,28,-27,-16,27,-56,-49,-37,13,-15,31,-24,8,33,
-19,8,22,-28,15,-11,-29,-19,36,38,-26,-20,61,-41,-13,-11,-47,31,-25,-22,-65,79,27,-17,-56,19,39,-19,-13,8,-4,-15,
22,-17,-1,-31,27,5,16,-29,21,19,18,39,-28,-25,0,-2,8,-23,13,12,1,8,24,17,1,-13,-14,14,-24,3,14,-30,
-20,12,0,-32,19,22,-47,24,1,25,-32,34,-40,-54,-41,16,1,-40,14,-21,19,-48,24,38,1,42,-67,50,31,-18,16,-25,
-13,0,11,9,20,-2,-66,14,-24,39,-49,-10,42,20,3,-19,18,-28,26,-24,-31,48,-1,-57,-17,42,-31,41,34,-1,-6,-35,
-44,-39,27,1,-15,-1,22,3,-32,26,-10,-17,-38,-4,38,4,-21,-17,-17,35,3,-5,19,-7,42,-26,53,50,22,17,-61,10,
2,-26,-23,2,-31,-25,22,15,-22,6,-16,-45,-22,-26,-4,64,-13,51,54,-2,4,6,-21,34,21,-21,-40,-24,24,-1,6,-6,
-26,20,33,20,13,19,-21,30,37,0,-35,-26,4,31,-28,21,-7,-29,-26,13,-32,-1,-15,42,-24,27,32,-21,33,21,-43,49,
-19,28,35,2,-30,22,22,23,9,-8,-36,31,-12,9,-21,-3,14,-17,-25,-41,18,-71,17,-42,24,27,-42,45,-32,32,3,15,
-38,-6,-26,46,-2,-14,13,18,-16,-2,38,14,-4,11,0,-46,-40,8,9,-35,35,-5,14,20,-40,22,-10,42,0,23,-21,9,
-8,10,-26,-52,-12,23,-25,-27,13,8,49,4,-26,-13,-12,-35,28,-33,18,10,33,-17,-31,-29,4,9,58,-45,-24,-38,17,32,
21,23,16,8,-19,5,43,-1,-20,-29,-4,-17,-69,19,-13,-2,30,-25,0,40,12,-36,-27,11,-45,-44,-17,78,-17,-18,-49,-3,
-39,27,-6,8,18,-5,-31,-32,-16,4,37,-15,14,-9,10,29,34,33,-9,-59,-5,-15,13,14,-33,9,10,6,3,31,10,2,
15,-6,-23,96,35,45,-11,-8,-1,-27,19,-19,-6,33,-31,-8,-4,-32,-47,33,-26,-7,-28,-38,56,-4,71,-24,13,-24,-15,-28,
8,-9,-18,-1,1,12,6,42,-3,17,-38,42,-35,5,22,-46,-18,5,18,-20,0,17,-12,-31,-30,41,74,47,13,0,-23,18,
45,-5,-22,-51,-14,-37,31,-13,44,27,-39,-28,0,22,-17,40,-18,3,-28,7,-49,48,17,24,-32,27,1,-25,5,-39,-30,48,
4,6,23,-4,-3,-30,13,-3,8,1,53,3,-17,21,-4,5,-33,27,-11,1,-27,-51,-2,-12,-29,20,7,-30,-46,-21,29,-44,
32,23,39,25,-7,26,-16,-17,-21,14,-50,36,-28,3,10,-15,-34,-29,-35,44,2,39,-39,30,49,36,-12,19,-24,3,-36,14,
5,36,-20,20,-45,-19,-2,-8,-8,25,18,-1,58,14,-42,5,-18,21,-22,-34,11,-46,-24,43,-38,24,-24,32,12,-2,0,-52,
11,20,34,27,-3,21,15,51,29,31,36,-42,26,21,-3,-21,-1,34,-17,-27,-17,-14,-21,6,-60,36,-39,50,47,10,-28,-14,
24,21,-11,28,6,13,7,50,-25,40,-60,21,-23,39,13,-28,-15,33,-37,4,-3,-7,17,19,3,-17,53,-21,-13,21,31,8,
-23,-23,-28,-22,-42,29,15,-5,-41,-4,-38,16,20,-25,45,19,21,9,47,8,-42,-36,-42,18,-13,-7,-46,-21,-32,-1,-18,31,
-37,-45,-23,45,-42,15,2,-8,14,-17,8,14,-7,1,32,3,26,1,3,-21,-19,-55,15,11,22,-51,-45,22,-19,-26,8,26,
-23,18,15,-5,34,4,47,37,2,19,-18,8,-16,17,35,1,-3,19,43,-18,-10,-8,19,-21,-17,11,5,-29,-7,-36,-45,42,
39,-33,29,-17,-33,-41,-17,4,25,-28,26,13,0,12,-25,-8,31,-18,43,-34,-59,-14,23,10,15,34,15,-16,32,-8,28,37,
6,0,-22,23,-1,-8,-11,-42,-19,32,19,-36,21,28,10,4,-5,13,19,30,-13,-59,-22,9,35,8,55,1,14,3,-28,-1,
-18,12,46,-7,-24,-13,-31,-3,-7,38,-27,-41,29,4,-17,-38,-3,10,6,25,-37,-30,-15,-18,-50,-36,11,20,20,-37,43,-28,
-26,-35,-33,5,-22,-9,-51,-18,3,28,-1,35,11,19,-32,-27,27,-33,35,20,-2,-13,8,36,54,39,-16,26,-9,5,1,1,
-33,-24,42,-28,-22,-32,4,73,-36,12,11,-22,-38,20,-36,-8,31,-1,-19,-15,-10,-17,8,3,-25,-32,-45,46,24,21,-56,34,
5,25,-25,16,-15,-38,-12,29,-3,-21,38,38,73,-62,25,30,12,8,10,9,1,20,-33,-2,-1,19,11,-7,-29,12,-47,-7,
21,-13,26,-23,-22,35,29,-3,0,-17,39,40,-4,-22,3,-13,25,-25,-45,5,34,15,34,12,42,-35,-9,6,-16,-32,-14,-12,
1,-8,22,50,-19,-38,19,9,24,-35,41,-3,-12,56,11,-10,21,-25,-8,16,4,30,-12,-48,12,-12,29,-20,-5,-7,-6,4,
10,25,28,-32,-53,31,9,12,-13,21,2,-12,57,6,-35,34,-19,9,-25,32,-50,39,-7,11,0,-19,50,13,0,-31,11,32,
4,-2,-11,13,1,-10,-12,-32,34,-19,2,1,51,11,-10,-14,11,-31,13,29,-3,46,-22,0,-4,30,52,9,27,28,27,31,
-35,8,-2,-46,-29,-37,38,-48,17,-46,4,36,22,-54,49,45,-14,17,6,-6,-21,-19,31,42,-19,-24,-4,21,-56,-20,7,-14,
41,-23,-26,-43,-19,-44,-73,4,-6,5,-36,-29,11,21,-39,-38,-43,-13,33,-25,2,34,-4,14,-19,33,10,14,18,20,-17,-1,
5,-23,-21,-9,-42,-39,-14,1,16,-23,7,-30,-9,29,-22,42,6,22,-1,-68,32,-33,25,17,-43,-7,-46,-60,4,14,-5,48,
-21,21,10,18,4,-44,13,-15,44,-18,17,-1,60,10,-10,-6,12,-9,9,-24,20,21,-28,10,6,-22,-10,-66,-40,35,29,4,
4,-38,36,-34,16,-25,-15,-64,-33,22,-47,18,9,-8,34,-4,16,-2,-23,-70,15,1,11,-23,-26,-10,46,28,-14,-2,-15,64,
25,-28,24,-34,-32,14,-14,-11,-9,13,14,-11,17,-18,-32,22,-14,-31,-31,28,-1,-29,-31,-30,-4,-10,-14,36,-32,41,-10,-23,
35,-10,47,-14,22,24,-31,50,-33,-24,-19,-32,-14,-17,-3,-15,-33,-24,8,-39,36,-12,-36,-48,-52,24,0,30,-15,38,-16,-36,
-9,-45,-6,-11,-13,11,32,-23,-11,-21,25,-5,2,20,43,19,5,1,45,-20,-30,-41,-30,21,-15,12,-35,-32,-51,15,-36,11,
28,12,15,5,1,31,-21,12,-6,7,-43,3,12,-17,-12,-33,-21,2,-8,-4,12,-9,-19,-17,12,-11,77,22,32,34,58,-40,
7,-21,4,-45,42,6,-4,32,-8,19,-21,7,-76,9,-24,-19,7,-17,26,-36,-30,-7,0,-29,-51,-28,46,-21,6,-19,-43,-4,
-42,-5,-39,-17,-27,-27,-7,26,-2,14,-3,50,26,7,-14,-27,6,-8,45,-7,-18,-23,-14,49,-2,14,-13,5,-24,46,4,-35,
33,33,3,-15,6,-29,-27,25,-12,-10,40,-19,-21,28,-34,-9,-8,37,-20,23,28,-17,28,38,-56,-35,-23,3,-17,10,-4,-27,
8,-25,-32,0,13,-10,-28,-20,2,-28,23,-46,14,18,-8,-16,16,9,-9,9,23,77,13,-18,-44,-6,46,-63,14,-10,19,-53,
-33,-3,-20,-32,25,-1,-66,35,-32,24,-23,-15,14,-33,-16,-49,33,13,-6,-5,36,-52,-8,-54,-73,-17,-3,-12,17,18,19,21,
32,-22,12,-18,-49,-3,44,-15,24,-5,-45,-11,-91,39,24,6,13,54,-21,3,-60,-3,-2,0,31,-27,97,23,38,-30,12,9,
-8,-4,14,-66,-35,-28,-19,0,3,19,1,18,-29,-12,29,18,-20,-19,14,-46,32,-4,26,-49,19,-30,-51,62,-14,17,10,8,
-33,12,-31,-50,-46,-11,-8,-16,14,12,23,22,12,16,-13,5,-17,5,35,18,-31,21,36,12,-24,16,8,16,-20,25,-18,-8,
12,-42,-10,30,0,2,12,-22,4,-36,47,-16,13,-54,5,-75,6,-30,72,-22,-11,13,37,-40,-27,9,54,16,5,1,3,0,
-40,-23,23,7,-29,-29,33,-12,-8,37,-60,49,-57,27,-34,43,-21,3,11,-35,62,-59,23,26,13,7,4,-21,22,-20,33,24,
16,8,36,8,-12,-8,-58,-8,-21,48,22,11,65,-2,-41,-45,23,0,38,-13,21,47,-21,14,-63,38,-34,14,-9,-19,42,6,
16,-31,15,3,13,-21,34,23,-7,-34,14,18,-1,-45,50,6,-26,15,7,-29,28,-22,-40,9,-5,36,-94,-33,16,34,27,-36,
17,29,-16,17,1,7,-13,21,17,-31,9,-20,31,-12,-21,9,13,-18,-33,2,-27,4,-29,-12,-24,23,-9,-14,30,32,-18,-17,-39,-2,3,-8,-34,35,30,10,-36,-10,36,-12,-25,-10,-36,16,25,-8,22,19,3,16,26,-12,1,1,-33,16,12,-17,47,-14,
-24,-18,-26,16,7,-7,5,8,-8,-20,-33,-15,1,12,21,3,-33,11,14,17,11,-13,-25,-6,11,-20,-15,-9,-34,-16,-17,18,-31,-33,-41,-33,2,20,-13,12,4,-22,7,-15,-17,-21,-2,-29,-33,-38,3,-5,-6,21,-25,-27,-10,-32,-4,8,-14,-14,-33,-33,
22,-9,24,-25,10,11,0,22,6,-32,-20,8,-27,19,-21,7,-19,3,-23,-12,-27,25,15,-12,-38,-21,-31,16,6,3,-33,15,-6,26,-29,36,3,8,-5,-45,-34,23,14,-7,25,-1,-26,-24,-35,-3,25,-31,-23,-22,-1,-11,-1,15,-19,18,12,10,-11,-35,
-33,39,-7,40,36,30,27,35,-24,-65,21,37,34,-12,-10,-37,8,-6,-42,16,19,12,7,-20,-16,-20,-12,-5,3,15,29,-32,12,-23,15,-17,-25,-17,-21,61,-7,-11,-5,25,11,31,20,-22,-25,-16,3,-16,-25,-6,-21,-6,-51,8,26,-37,-8,15,-5,30,
10,-9,-15,-17,3,-17,22,-57,7,-4,12,-36,-30,-16,-40,3,11,25,-5,8,28,2,-28,14,-6,12,-28,9,-1,-27,8,10,5,-22,5,32,19,18,0,1,-15,-15,-27,-68,-18,-28,-59,15,-20,2,35,37,7,13,49,16,-11,12,-11,6,-6,10,41,27,
15,-23,-7,40,-19,15,18,-30,-17,2,29,-8,-35,14,2,-5,12,3,4,15,-36,4,5,21,-10,-3,-7,-13,-5,-9,4,-25,-11,12,-28,-31,2,10,5,-53,9,9,0,-28,13,-28,5,-2,-16,-5,-26,31,28,39,-3,47,-13,11,-14,15,-26,0,-31,-48,
-13,45,-1,12,-10,-11,1,-30,14,-19,15,-43,-17,21,5,17,3,28,20,-15,28,21,-21,49,-6,-12,-15,12,-16,3,32,-29,-12,-12,-1,-6,-29,-20,28,19,-46,-7,29,-1,-19,4,-46,-26,21,16,-6,10,17,-6,-41,57,-94,17,-19,45,-11,-28,-18,-17,
-3,-8,16,19,6,-18,14,-58,-12,-70,-40,-96,15,-29,-18,21,-1,18,-40,13,-10,17,-26,19,8,-14,9,-3,16,17,12,-26,-23,26,36,-20,10,7,17,-10,-127,-9,-22,43,-15,-47,2,18,-36,-35,-32,17,13,15,-16,-5,40,-56,-36,4,-21,-31,11,8,
8,3,-27,-8,-13,21,21,21,15,-31,-8,10,23,-21,-17,-22,-9,24,-7,-23,0,10,-10,-13,3,23,8,16,-34,16,-21,16,-32,25,10,-16,29,21,-2,39,-12,-17,-5,16,4,-13,-33,-25,12,6,13,31,-29,26,-23,7,-47,17,-16,7,-13,-20,17,31,
-30,14,-22,-22,-34,0,12,-11,-15,18,-16,-13,-11,-43,-73,20,-33,-32,-31,3,6,-19,-21,8,-37,5,-34,6,11,-10,17,-20,11,-15,-38,5,-29,-10,-13,-25,-58,-9,11,-25,7,-3,-45,-9,-49,13,8,-32,4,-17,-27,-1,9,-40,-15,-3,-42,-32,-23,-10,
2,5,-17,-15,47,-23,8,-52,21,50,-4,-44,-34,-25,17,-55,11,13,-6,29,2,25,26,6,-21,-42,-4,22,8,-18,3,6,-22,-37,37,-21,22,-12,-30,39,-20,26,-28,-30,17,11,33,39,31,-9,28,-30,-8,-20,-51,-16,-55,-20,-38,1,20,-6,0,-9,
4,-1,13,-42,38,-1,10,-29,-38,6,1,-126,-18,15,-21,-27,-2,4,-7,24,-4,2,10,31,11,5,15,0,-17,-15,-10,16,24,-33,23,-15,-10,25,-31,-29,-11,16,5,-2,-25,-16,-3,29,5,23,6,12,-22,-8,-71,8,44,-57,16,-3,31,3,-2,15,
-4,-10,-3,-42,44,-2,-4,46,16,-5,9,-14,-44,29,16,-7,30,17,13,-22,-20,-21,33,-27,-29,-48,-48,-39,-10,-25,-26,-6,30,-21,-33,-12,27,3,-27,-52,22,-9,-38,-12,33,-19,28,30,-27,5,12,-40,-10,-53,-76,-37,31,-12,13,-17,-10,7,-31,1,
-10,17,0,-11,-1,-5,-9,-14,22,2,5,-22,-12,27,-31,13,3,-28,37,14,-24,-13,-38,-52,-16,31,-27,-9,4,29,-29,-8,1,8,18,-5,23,-22,11,20,-11,-13,-20,-15,-4,-7,-39,13,3,-17,16,18,-19,-26,23,-56,32,-14,-1,30,26,-22,27,6,
22,-7,16,10,-24,-16,-10,-27,-34,3,4,17,18,16,-43,6,17,-25,4,-25,-25,-22,-16,-25,-8,38,-12,11,-27,-29,-8,-1,6,-5,-16,-24,-21,4,-33,-34,-19,20,-58,24,6,7,30,-29,-24,-15,9,1,-13,4,-29,12,-5,-35,-25,21,-28,11,-64,-25,
-17,10,25,27,-20,5,14,-23,12,-17,22,16,-40,-22,23,-23,-12,-5,-4,11,6,-3,-8,25,18,-35,20,-32,-32,-2,-17,-33,-6,-36,-23,-19,4,-6,-34,48,1,-21,-21,-4,-24,-14,8,-31,-4,3,-26,3,-22,25,-68,5,-26,26,11,13,-31,16,25,-6,
-4,3,-14,16,27,-17,-27,35,2,-29,-14,35,15,11,7,13,2,-8,-16,15,1,-3,-28,12,10,-13,-42,-22,-8,-7,15,-4,8,9,-3,5,-5,27,-10,48,15,7,-55,-43,-22,-20,-18,21,26,5,2,37,25,8,38,0,-32,-19,-10,-30,-24,-9,9,25,
-7,-2,-17,39,-1,6,20,13,-22,-52,26,65,23,-10,-5,-8,-1,26,4,25,5,1,-4,23,-9,30,-3,-6,27,2,16,-11,8,17,16,0,-37,0,-9,49,-18,0,36,-11,7,26,24,-12,2,7,17,11,-12,5,28,-29,-22,7,4,9,-1,25,6,16,
-3,19,21,-7,-17,-14,17,16,-5,30,-30,13,-8,-22,12,-2,9,30,11,16,9,9,-17,-27,-10,-38,-22,-31,-7,-24,30,23,-3,13,3,-18,-8,-17,33,31,-11,-27,19,7,5,-9,17,-12,8,2,25,18,-8,14,36,-10,17,-33,-16,-36,-33,-6,48,8,
-33,4,34,-40,29,1,-1,10,21,-59,-26,-11,10,-3,7,26,16,-20,-57,12,5,5,-17,-24,-2,-10,-38,1,-7,-20,-9,-17,5,1,21,23,50,15,4,26,-20,-19,-5,-9,-3,-34,10,4,-18,2,20,-71,10,16,-5,-44,24,-33,6,-24,33,15,6,11,
30,-9,27,-39,-53,25,-12,24,15,3,5,35,-26,15,5,-9,0,-14,0,27,0,-29,-1,0,28,-12,-8,-12,-4,-21,11,-22,-28,-3,11,-39,-26,-30,-21,-113,39,0,-34,1,-34,-11,-22,-8,-8,19,30,-10,-35,-29,-1,-26,-4,-32,19,-32,-21,-19,-75,32,
7,0,-16,-27,16,-5,-6,31,17,0,-37,47,50,-27,28,-17,-17,-11,6,33,-5,-20,6,-15,-12,-37,14,-2,5,-26,5,5,21,15,49,-15,-18,-7,-2,-21,33,-19,2,37,-41,-16,-15,16,-29,6,-22,-21,22,21,21,-58,-18,-12,13,1,-20,4,-36,17,
1,3,20,-4,-11,5,7,24,-16,-34,-23,-18,-50,8,-10,-35,25,-16,23,-18,9,-19,12,-14,5,21,16,-16,15,-21,4,20,12,-2,-26,21,-23,0,18,1,17,30,18,-4,6,3,28,10,-19,-31,-8,-14,21,-2,-13,-50,54,-30,20,27,-25,7,-21,12,
0,-3,4,-11,-9,-7,19,25,15,-37,-28,39,-9,-13,-1,12,23,-6,-6,-2,14,6,0,12,-1,20,-22,3,-10,24,39,3,-30,6,30,26,6,-8,-1,19,-24,20,-29,49,4,15,-16,6,22,14,22,-32,4,1,28,25,-4,-6,17,19,-11,-3,-5,-10,
23,11,7,-10,-26,-15,-14,9,-22,7,-40,4,15,-28,-7,2,12,25,-58,-39,-17,-3,-7,12,-15,22,-12,23,-16,-11,-27,-2,-21,15,-57,-29,1,-3,-26,-31,-75,21,-34,9,-8,-58,-20,-35,-33,0,24,-20,-38,-2,28,12,12,-27,10,-28,-36,-25,-23,11,
-6,9,-26,54,13,-33,-27,34,-10,-49,6,35,11,-37,-3,-14,-35,-8,-30,0,8,30,30,-7,20,-15,25,-26,-8,25,-33,-9,7,-13,-8,-32,-11,3,-25,38,-2,19,3,-16,-16,22,-57,10,-23,-18,-39,31,-14,-34,39,-32,22,41,-1,-6,-18,11,-46,5,
-34,3,-9,-5,8,-1,-1,-31,-15,32,-31,5,-60,-20,4,-26,-8,8,25,3,11,4,-26,9,-5,-30,-4,-21,-14,-12,5,13,-38,11,21,18,-17,-9,4,-28,17,-5,10,19,-15,-8,-64,-7,-29,9,15,-4,-4,-26,-69,-7,-21,-46,27,-28,-51,-28,16,18,
16,7,-18,-3,6,11,2,28,-6,6,9,-37,0,-15,31,22,-11,-27,-34,-7,-22,-28,15,31,17,27,-26,-9,-15,18,-30,17,10,-11,3,12,-28,-3,1,37,21,27,23,-3,15,-5,-46,6,11,-16,-26,15,-1,-8,41,-27,-47,-1,14,-13,21,-15,-8,15,
11,8,-16,-17,-4,-13,5,27,31,-28,-14,0,49,16,-45,-27,-4,27,-35,-23,-18,10,20,-31,-21,7,21,-16,18,8,-17,5,-30,13,9,-25,23,3,25,-55,32,-7,-28,28,-20,1,-15,33,-14,-11,15,28,8,34,-26,40,8,-8,13,-14,14,13,-30,-12,
3,31,-34,-12,-11,18,25,-43,-22,-34,14,-19,19,-32,13,34,-29,18,-17,17,-19,1,15,27,-3,23,-41,7,8,-5,13,-27,-9,-4,-42,8,-14,-8,34,0,2,-26,-17,-62,19,-55,0,-2,-20,-22,-34,19,18,23,-36,20,7,15,15,12,17,-24,-20,-33,
-28,3,3,16,30,-26,4,-8,23,-36,-29,-46,-35,-24,19,6,22,6,2,-11,2,-15,-20,-1,-26,-4,-33,-5,17,-1,-11,-27,16,-34,2,30,-20,-15,-16,-30,18,-22,4,-9,16,-21,16,-8,-18,-21,-2,-12,21,17,-15,37,11,12,1,-3,39,21,4,18,
-11,-28,-3,-25,-16,16,1,-33,-4,-16,13,-39,-45,-16,-21,-29,4,20,16,1,27,8,24,-6,21,7,1,26,-17,20,3,-5,-25,-17,-2,28,-9,16,13,-50,7,21,0,16,-5,35,18,-29,8,17,12,20,-27,32,-18,31,32,45,-2,23,-13,-4,-29,-15,
0,4,-10,69,-96,-67,-51,-13,-30,-46,9,29,5,-28,-90,-28,-22,-1,2,84,96,8,39,-1,-6,-43,29,-68,19,7,-29,10,
0,-48,-60,-2,58,29,6,-47,64,32,81,-52,-42,17,-4,-13,8,-29,-24,56,32,17,-66,64,49,-16,47,-9,83,-9,-59,-8,
0,-63,-9,64,-27,-32,70,-60,49,16,-1,-12,47,21,-71,54,-57,54,-9,10,-29,48,-33,-127,-10,-15,14,5,-50,118,-13,51,
0,2,4,-42,74,-55,-2,-33,61,6,36,10,-104,-63,-26,7,-44,49,-29,-50,-7,-18,28,9,5,10,-56,18,30,13,74,-64,
0,-41,24,-10,5,56,33,-30,-18,-35,86,-29,5,-43,28,55,-33,-44,-1,-5,-69,-49,-25,30,-86,-68,-25,-12,-2,27,50,-51,
0,47,67,-21,26,-30,-18,-43,76,-7,-71,-16,-37,63,16,10,88,-37,20,-3,68,-81,46,-22,63,10,13,10,3,11,-63,-40,
0,0,0,0,0,0,0,0,0,0,0,0,0,0,0,0,0,0,0,0,0,0,0,0,0,0,0,0,0,0,0,0,
0,0,0,0,0,0,0,0,0,0,0,0,0,0,0,0,0,0,0,0,0,0,0,0,0,0,0,0,0,0,0,0,
0,0,0,0,0,0,0,0,0,0,0,0,0,0,0,0,0,0,0,0,0,0,0,0,0,0,0,0,0,0,0,0,0,0,0,0,0,0,0,0,0,0,0,0,0,0,0,0,0,0,0,0,0,0,0,0,0,0,0,0,0,0,0,0,0,0,0,0,0,0,0,0,0,0,0,0,0,0,0,0,0,0,0,0,0,0,0,0,0,0,0,0,0,0,0,0,0,0,0,0,0,0,0,0,0,0,0,0,0,0,0,0,0,0,0,0,0,0,0,0,0,0,0,0,0,0,0,0,0,0,0,0,0,0,0,0,0,0,0,0,0,0,0,0,0,0,0,0,0,0,0,0,0,0,0,0,0,0,0,0,0,0,0,0,0,0,0,0,0,0,0,0,0,0,0,0,0,0,0,0,0,0,0,0,0,0,0,0,0,0,0,0,0,0,0,0,0,0,0,0,0,0,0,0,0,0,0,0,0,0,0,0,0,0,0,0,0,0,0,0,0,0,0,0,0,0,0,0,0,0,0,0,0,0,0,0,0,0,0,0,0,0,0,0,0,0,0,0,0,0,0,0,0,0,0,0,0,0,0,0,0,0,0,0,0,0,0,0,0,0,0,0,0,0,0,0,0,0,0,0,0,0,0,0,0,0,0,0,0,0,0,0,0,0,0,0,0,0,0,0,0,0,0,0,0,0,0,0,0,0,0,0,0,0,0,0,0,0,0,0,0,0,0,0,0,0,0,0,0,0,0,0,0,0,0,0,0,0,0,0,0,0,0,0,0,0,0,0,0,0,0,0,0,0,0,0,0,0,0,0,0,0,0,0,0,0,0,0,0,0,0,0,0,0,0,0,0,0,0,0,0,0,0,0,0,0,0,0,0,0,0,0,0,0,0,0,0,0,0,0,0,0,0,0,0,0,0,0,0,0,0,0,0,0,0,0,0,0,0,0,0,0,0,0,0,0,0,0,0,0,0,0,0,0,0,0,0,0,0,0,0,0,0,0,0,0,0,0,0,0,0,0,0,0,0,0,0,0,0,0,0,0,0,0,0,0,0,0,0,0,0,0,0,0,0,0,0,0,0,0,0,0,0,0,0,0,0,0,0,0,0,0,0,0,0,0,0,0,0,0,0,0,0,0,0,0,0,0,0,0,0,0,0,0,0,0,0,0,0,0,0,0,0,0,0,0,0,0,0,0,0,0,0,0,0,0,0,0,0,0,0,0,0,0,0,0,0,0,0,0,0,0,0,0,0,0,0,0,0,0,0,0,0,0,0,0,0,0,0,0,0,0,0,0,0,0,0,0,0,0,0,0,0,0,0,0,0,0,0,0,0,0,0,0,0,0,0,0,0,0,0,0,0,0,0,0,0,0,0,0,0,0,0,0,0,0,0,0,0,0,0,0,0,0,0,0,0,0,0,0,0,0,0,0,0,0,0,0,0,0,0,0,0,0,0,0,0,0,0,0,0,0,0,0,0,0,0,0,0,0,0,0,0,0,0,0,0,0,0,0,0,0,0,0,0,0,0,0,0,0,0,0,0,0,0,0,0,0,0,0,0,0,0,0,0,0,0,0,0,0,0,0,0,0,0,0,0,0,0,0,0,0,0,0,0,0,0,0,0,0,0,0,0,0,0,0,0,0,0,0,0,0,0,0,0,0,0,0,0,0,0,0,0,0,0,0,0,0,0,0,0,0,0,0,0,0,0,0,0,0,0,0,0,0,0,0,0,0,0,0,0,0,0,0,0,0,0,0,0,0,0,0,0,0,0,0,0,0,0,0,0,0,0,0,0,0,0,0,0,0,0,0,0,0,0,0,0,0,0,0,0,0,0,0,0,0,0,0,0,0,0,0,0,0,0,0,0,0,0,0,0,0,0,0,0,0,0,0,0,0,0,0,0,0,0,0,0,0,0,0,0,0,0,0,0,0,0,0,0,0,0,0,0,0,0,0,0,0,0,0,0,0,0,0,0,0,0,0,0,0,0,0,0,0,0,0,0,0,0,0,0,0,0,0,0,0,0,0,0,0,0,0,0,0,0,0,0,0,0,0,0,0,0,0,0,0,0,0,0,0,0,0,0,0,0,0,0,0,0,0,0,0,0,0,0,0,0,0,0,0,0,0,0,0,0,0,0,0,0,0,0,0,0,0,0,0,0,0,0,0,0,0,0,0,0,0,0,0,0,0,0,0,0,0,0,0,0,0,0,0,0,0,0,0,0,0,0,0,0,0,0,0,0,0,0,0,0,0,0,0,0,0,0,0,0,0,0,0,0,0,0,0,0,0,0,0,0,0,0,0,0,0,0,0,0,0,0,0,0,0,0,0,0,0,0,0,0,0,0,0,0,0,0,0,0,0,0,0,0,0,0,0,0,0,0,0,0,0,0,0,0,0,0,0,0,0,0,0,0,0,0,0,0,0,0,0,0,0,0,0,0,0,0,0,0,0,0,0,0,0,0,0,0,0,0,0,0,0,0,0,0,0,0,0,0,0,0,0,0,0,0,0,0,0,0,0,0,0,0,0,0,0,0,0,0,0,0,0,0,0,0,0,0,0,0,0,0,0,0,0,0,0,0,0,0,0,0,0,0,0,0,0,0,0,0,0,0,0,0,0,0,0,0,0,0,0,0,0,0,0,0,0,0,0,0,0,0,0,0,0,0,0,0,0,0,0,0,0,0,0,0,0,0,0,0,0,0,0,0,0,0,0,0,0,0,0,0,0,0,0,0,0,0,0,0,0,0,0,0,0,0,0,0,0,0,0,0,0,0,0,0,0,0,0,0,0,0,0,0,0,0,0,0,0,0,0,0,0,0,0,0,0,0,0,0,0,0,0,0,0,0,0,0,0,0,0,0,0,0,0,0,0,0,0,0,0,0,0,0,0,0,0,0,0,0,0,0,0,0,0,0,0,0,0,0,0,0,0,0,0,0,0,0,0,0,0,0,0,0,0,0,0,0,0,0,0,0,0,0,0,0,0,0,0,0,0,0,0,0,0,0,0,0,0,0,0,0,0,0,0,0,0,0,0,0,0,0,0,0,0,0,0,0,0,0,0,0,0,0,0,0,0,0,0,0,0,0,0,0,0,0,0,0,0,0,0,0,0,0,0,0,0,0,0,0,0,0,0,0,0,0,0,0,0,0,0,0,0,0,0,0,0,0,0,0,0,0,0,0,0,0,0,0,0,0,0,0,0,0,0,0,0,0,0,0,0,0,0,0,0,0,0,0,0,0,0,0,0,0,0,0,0,0,0,0,0,0,0,0,0,0,0,0,0,0,0,0,0,0,0,0,0,0,0,0,0,0,0,0,0,0,0,0,0,0,0,0,0,0,0,0,0,0,0,0,0,0,0,0,0,0,0,0,0,0,0,0,0,0,0,0,0,0,0,0,0,0,0,0,0,0,0,0,0,0,0,0,0,0,0,0,0,0,0,0,0,0,0,0,0,0,0,0,0,0,0,0,0,0,0,0,0,0,0,0,0,0,0,0,0,0,0,0,0,0,0,0,0,0,0,0,0,0,0,0,0,0,0,0,0,0,0,0,0,0,0,0,0,0,0,0,0,0,0,0,0,0,0,0,0,0,0,0,0,0,0,0,0,0,0,0,0,0,0,0,0,0,0,0,0,0,0,0,0,0,0,0,0,0,0,0,0,0,0,0,0,0,0,0,0,0,0,0,0,0,0,0,0,0,0,0,0,0,0,0,0,0,0,0,0,0,0,0,0,0,0,0,0,0,0,0,0,0,0,0,0,0,0,0,0,0,0,0,0,0,0,0,0,0,0,0,0,0,0,0,0,0,0,0,0,0,0,0,0,0,0,0,0,0,0,0,0,0,0,0,0,0,0,0,0,0,0,0,0,0,0,0,0,0,0,0,0,0,0,0,0,0,0,0,0,0,0,0,0,0,0,0,0,0,0,0,0,0,0,0,0,0,0,0,0,0,0,0,0,0,0,0,0,0,0,0,0,0,0,0,0,0,0,0,0,0,0,0,0,0,0,0,0,0,0,0,0,0,0,0,0,0,0,0,0,0,0,

};