signed char w3 [] = {
-46,-62,47,11,91,97,-41,-118,-34,-79,-61,39,23,-7,18,-30,
58,-74,25,38,-58,-14,80,100,43,-50,28,35,-71,-74,30,61,
-10,36,-58,-38,-31,-70,-59,-58,-76,-14,-27,-5,6,-21,-55,-59,
31,-64,-6,77,52,-21,52,-37,-72,-78,-28,55,-91,-92,43,10,
-32,40,-37,-22,10,31,-61,-39,42,-59,-26,-18,13,31,96,95,
21,71,54,11,44,65,-2,-44,65,42,-74,-6,29,68,-20,-26,
-51,6,-80,48,84,62,80,6,17,-9,-43,6,45,30,-45,-26,
50,-63,-16,30,-19,58,31,-28,49,7,-30,40,-31,49,-83,17,
-63,35,19,-1,26,22,14,-46,-41,-67,-25,0,81,80,-81,-70,
7,48,-68,-58,-26,36,-20,44,26,42,3,-64,3,-58,-52,-47,
-15,2,-35,-38,14,79,32,8,49,-49,-21,-8,9,53,-41,-95,
-36,-82,32,-76,22,-82,-20,9,-66,-51,32,49,75,75,23,-66,
-40,-28,31,14,-64,22,25,34,28,-10,-61,-15,-58,8,-49,16,
-67,-44,93,71,-49,-52,-75,58,11,38,-29,-54,15,-44,-12,-2,
-69,-19,-64,-69,-3,-15,49,96,-25,-59,-26,-37,17,-87,76,-9,
-46,-80,14,-82,-90,-53,-23,-41,2,-81,59,75,-66,-80,-4,-39,
-73,-9,-89,9,14,-73,100,-25,-44,-12,-27,-10,67,-6,-53,38,
-15,-18,41,-61,22,20,-43,-58,-25,38,33,-9,18,-21,58,20,
17,29,55,79,-35,-49,112,120,54,-8,10,-99,-73,-73,50,95,
45,-60,-5,3,-2,12,18,-41,6,-51,-78,-57,21,2,63,73,
-2,-73,-6,-18,-53,27,-95,-3,5,4,57,-58,80,-46,64,-3,
-63,17,-83,-36,-14,-59,-13,61,-43,19,-61,-68,3,104,-21,82,
-80,-7,-4,13,-66,-15,-8,-34,-50,-27,-14,-70,-64,-22,-5,57,
-55,17,19,-75,-50,-11,72,104,-84,-18,-25,-35,-39,92,-43,-64,
72,24,-6,-32,14,18,-53,-59,-35,-11,4,79,45,-15,28,45,
45,-69,-94,-10,-34,-67,-12,96,54,33,43,62,23,67,14,69,
55,10,-63,-19,-54,18,50,-15,42,5,37,75,72,31,-36,-30,
30,-74,1,-64,-36,-66,-45,-89,-56,5,17,-38,-19,-94,-38,-19,
9,6,-84,35,-2,-75,-65,35,-22,-34,62,-42,-72,-43,6,-67,
3,23,-37,38,-6,-16,39,32,-68,35,59,28,42,-62,-85,18,
26,-17,98,85,-80,-59,-35,-103,7,-57,-37,-56,13,26,3,71,
46,-87,-37,-78,-74,51,-112,-66,19,-22,41,-20,23,-51,-18,-55,
0,0,0,0,0,0,0,0,0,0,0,0,0,0,0,0,0,0,0,0,0,0,0,0,0,0,0,0,0,0,0,0,0,0,0,0,0,0,0,0,0,0,0,0,0,0,0,0,0,0,0,0,0,0,0,0,0,0,0,0,0,0,0,0,0,0,0,0,0,0,0,0,0,0,0,0,0,0,0,0,0,0,0,0,0,0,0,0,0,0,0,0,0,0,0,0,0,0,0,0,0,0,0,0,0,0,0,0,0,0,0,0,0,0,0,0,0,0,0,0,0,0,0,0,0,0,0,0,0,0,0,0,0,0,0,0,0,0,0,0,0,0,0,0,0,0,0,0,0,0,0,0,0,0,0,0,0,0,0,0,0,0,0,0,0,0,0,0,0,0,0,0,0,0,0,0,0,0,0,0,0,0,0,0,0,0,0,0,0,0,0,0,0,0,0,0,0,0,0,0,0,0,0,0,0,0,0,0,0,0,0,0,0,0,0,0,0,0,0,0,0,0,0,0,0,0,0,0,0,0,0,0,0,0,0,0,0,0,0,0,0,0,0,0,0,0,0,0,0,0,0,0,0,0,0,0,0,0,0,0,0,0,0,0,0,0,0,0,0,0,0,0,0,0,0,0,0,0,0,0,0,0,0,0,0,0,0,0,0,0,0,0,0,0,0,0,0,0,0,0,0,0,0,0,0,0,0,0,0,0,0,0,0,0,0,0,0,0,0,0,0,0,0,0,0,0,0,0,0,0,0,0,0,0,0,0,0,0,0,0,0,0,0,0,0,0,0,0,0,0,0,0,0,0,0,0,0,0,0,0,0,0,0,0,0,0,0,0,0,0,0,0,0,0,0,0,0,0,0,0,0,0,0,0,0,0,0,0,0,0,0,0,0,0,0,0,0,0,0,0,0,0,0,0,0,0,0,0,0,0,0,0,0,0,0,0,0,0,0,0,0,0,0,0,0,0,0,0,0,0,0,0,0,0,0,0,0,0,0,0,0,0,0,0,0,0,0,0,0,0,0,0,0,0,0,0,0,0,0,0,0,0,0,0,0,0,0,0,0,0,0,0,0,0,0,0,0,0,0,0,0,0,0,0,0,0,0,0,0,0,0,0,0,0,0,0,0,0,0,0,0,0,0,0,0,0,0,0,0,0,0,0,0,0,0,0,0,0,0,0,0,0,0,0,0,0,0,0,0,0,0,0,0,0,0,0,0,0,0,0,0,0,0,0,0,0,0,0,0,0,0,0,0,0,0,0,0,0,0,0,0,0,0,0,0,0,0,0,0,0,0,0,0,0,0,0,0,0,0,0,0,0,0,0,0,0,0,0,0,0,0,0,0,0,0,0,0,0,0,0,0,0,0,0,0,0,0,0,0,0,0,0,0,0,0,0,0,0,0,0,0,0,0,0,0,0,0,0,0,0,0,0,0,0,0,0,0,0,0,0,0,0,0,0,0,0,0,0,0,0,0,0,0,0,0,0,0,0,0,0,0,0,0,0,0,0,0,0,0,0,0,0,0,0,0,0,0,0,0,0,0,0,0,0,0,0,0,0,0,0,0,0,0,0,0,0,0,0,0,0,0,0,0,0,0,0,0,0,0,0,0,0,0,0,0,0,0,0,0,0,0,0,0,0,0,0,0,0,0,0,0,0,0,0,0,0,0,0,0,0,0,0,0,0,0,0,0,0,0,0,0,0,0,0,0,0,0,0,0,0,0,0,0,0,0,0,0,0,0,0,0,0,0,0,0,0,0,0,0,0,0,0,0,0,0,0,0,0,0,0,0,0,0,0,0,0,0,0,0,0,0,0,0,0,0,0,0,0,0,0,0,0,0,0,0,0,0,0,0,0,0,0,0,0,0,0,0,0,0,0,0,0,0,0,0,0,0,0,0,0,0,0,0,0,0,0,0,0,0,0,0,0,0,0,0,0,0,0,0,0,0,0,0,0,0,0,0,0,0,0,0,0,0,0,0,0,0,0,0,0,0,0,0,0,0,0,0,0,0,0,0,0,0,0,0,0,0,0,0,0,0,0,0,0,0,0,0,0,0,0,0,0,0,0,0,0,0,0,0,0,0,0,0,0,0,0,0,0,0,0,0,0,0,0,0,0,0,0,0,0,0,0,0,0,0,0,0,0,0,0,0,0,0,0,0,0,0,0,0,0,0,0,0,0,0,0,0,0,0,0,0,0,0,0,0,0,0,0,0,0,0,0,0,0,0,0,0,0,0,0,0,0,0,0,0,0,0,0,0,0,0,0,0,0,0,0,0,0,0,0,0,0,0,0,0,0,0,0,0,0,0,0,0,0,0,0,0,0,0,0,0,0,0,0,0,0,0,0,0,0,0,0,0,0,0,0,0,0,0,0,0,0,0,0,0,0,0,0,0,0,0,0,0,0,0,0,0,0,0,0,0,0,0,0,0,0,0,0,0,0,0,0,0,0,0,0,0,0,0,0,0,0,0,0,0,0,0,0,0,0,0,0,0,0,0,0,0,0,0,0,0,0,0,0,0,0,0,0,0,0,0,0,0,0,0,0,0,0,0,0,0,0,0,0,0,0,0,0,0,0,0,0,0,0,0,0,0,0,0,0,0,0,0,0,0,0,0,0,0,0,0,0,0,0,0,0,0,0,0,0,0,0,0,0,0,0,0,0,0,0,0,0,0,0,0,0,0,0,0,0,0,0,0,0,0,0,0,0,0,0,0,0,0,0,0,0,0,0,0,0,0,0,0,0,0,0,0,0,0,0,0,0,0,0,0,0,0,0,0,0,0,0,0,0,0,0,0,0,0,0,0,0,0,0,0,0,0,0,0,0,0,0,0,0,0,0,0,0,0,0,0,0,0,0,0,0,0,0,0,0,0,0,0,0,0,0,0,0,0,0,0,0,0,0,0,0,0,0,0,0,0,0,0,0,0,0,0,0,0,0,0,0,0,0,0,0,0,0,0,0,0,0,0,0,0,0,0,0,0,0,0,0,0,0,0,0,0,0,0,0,0,0,0,0,0,0,0,0,0,0,0,0,0,0,0,0,0,0,0,0,0,0,0,0,0,0,0,0,0,0,0,0,0,0,0,0,0,0,0,0,0,0,0,0,0,0,0,0,0,0,0,0,0,0,0,0,0,0,0,0,0,0,0,0,0,0,0,0,0,0,0,0,0,0,0,0,0,0,0,0,0,0,0,0,0,0,0,0,0,0,0,0,0,0,0,0,0,0,0,0,0,0,0,0,0,0,0,0,0,0,0,0,0,0,0,0,0,0,0,0,0,0,0,0,0,0,0,0,0,0,0,0,0,0,0,0,0,0,0,0,0,0,0,0,0,0,0,0,0,0,0,0,0,0,0,0,0,0,0,0,0,0,0,0,0,0,0,0,0,0,0,0,0,0,0,0,0,0,0,0,0,0,0,0,0,0,0,0,0,0,0,0,0,0,0,0,0,0,0,0,0,0,0,0,0,0,
-23,53,17,41,35,68,-28,-54,-37,15,-44,7,35,-31,-15,-52,-54,5,17,24,3,45,14,7,31,37,-59,-24,-23,-18,4,-40,
-6,-43,-24,12,11,18,-26,2,8,21,11,-3,-32,-9,-25,-30,22,33,-4,3,67,-19,24,27,-4,-11,40,-12,-23,27,16,32,
-71,13,-10,2,-30,-20,-1,19,-6,-26,12,-24,-15,26,30,29,25,-18,18,-16,90,46,-11,35,44,-3,41,-7,78,-18,1,10,
-45,-19,-8,6,-15,42,1,-18,-15,-14,-10,-19,-11,-31,-26,40,-53,8,12,38,-72,9,-23,4,-46,0,9,-2,2,-4,23,-41,
28,-40,-37,-20,-20,26,24,-35,20,-34,-19,-2,-20,-13,-4,40,-28,16,-29,-15,-104,-34,-43,-13,7,-35,-34,21,84,9,-15,-26,
-11,-37,-23,10,16,29,-7,-24,-8,3,-6,31,20,20,-10,22,-24,5,0,22,-85,-19,-2,18,13,1,11,-28,-1,14,-9,4,
3,-15,-20,-13,-22,16,-24,12,5,-43,-3,-29,34,-10,-24,21,-5,-44,-18,-33,127,40,0,37,14,-21,17,14,5,17,-75,26,
-15,31,-16,29,39,26,-43,-5,3,-8,-6,4,60,-50,-46,-79,-45,-29,-49,2,31,20,19,3,18,29,18,-22,0,38,-41,-29,
42,-22,30,-72,-37,-3,-40,-8,-48,-25,3,36,-75,16,-31,-53,-44,-36,-32,-1,-60,2,45,-52,-73,24,-50,36,-72,17,-6,-37,
-35,0,21,-60,-31,10,-31,27,20,-32,12,-14,3,23,-34,9,-38,-49,-24,-2,84,-39,-26,-42,21,-54,11,-41,-5,37,-18,28,
17,13,-43,46,25,7,-48,-19,-9,-2,-53,9,-24,24,-20,-36,28,24,5,32,15,10,22,-10,32,-3,7,24,47,-41,-18,20,
-3,17,35,6,8,15,24,-66,30,-29,-36,41,33,-23,-1,-57,-24,19,-10,23,67,38,-32,-23,27,-19,-22,-49,-54,-31,-61,-28,
-39,-58,23,-95,11,0,-34,8,-32,46,-24,24,-10,-15,-19,56,15,55,-29,-2,-55,-34,-6,-60,-16,-37,-22,25,13,9,12,1,
17,25,8,-5,-26,2,11,2,14,5,-16,-33,28,2,5,-6,34,-38,-26,-5,25,26,-35,27,1,21,-21,-14,13,18,-12,18,
41,18,5,-20,28,-24,32,-16,4,1,-15,7,-45,18,-18,-9,12,-27,8,16,-77,14,-14,-32,25,37,21,-42,-11,-53,-16,-27,
-8,16,-12,19,24,-26,-29,-18,14,-15,-37,-3,16,-7,30,-45,-26,10,25,30,72,-3,32,-15,-19,3,18,21,16,13,-4,31,
15,-35,-8,16,5,42,14,16,-23,10,16,48,1,-12,1,46,-20,29,-37,23,-46,9,-26,0,-24,-41,21,25,10,24,32,16,
-14,-44,-35,32,27,-21,-2,-4,8,22,-31,-16,-5,-39,-45,53,-34,-23,-11,-7,-14,8,-12,27,-32,-17,-27,-11,29,12,2,-38,
-38,16,23,-3,-8,-45,-13,-17,-25,25,14,0,-23,32,3,20,-12,-26,27,12,34,-38,12,-40,-29,-25,-39,23,4,-19,5,18,
4,20,5,8,2,-27,29,-38,-17,36,-36,-7,-42,-34,2,-89,29,-28,13,22,-51,13,-7,6,-29,33,-19,-31,43,-8,-40,38,
-31,-25,-26,49,10,20,7,-15,33,7,-16,40,-14,12,-8,26,46,-14,16,-1,-30,43,-9,-6,28,-8,32,-17,81,46,-62,12,
-62,-27,37,15,-25,20,15,-68,-35,11,-7,-40,12,-30,-25,23,-40,6,19,17,-56,16,18,14,-36,30,6,-24,-40,-10,43,8,
-30,-32,22,29,4,29,-41,-31,35,12,20,-34,15,-25,-33,30,-13,18,-37,-2,14,13,23,3,24,-3,15,-3,27,17,-60,28,
8,40,11,93,-14,52,10,-26,-24,3,39,-21,-3,-5,36,-23,-44,29,7,-24,-100,38,12,-11,-20,-30,23,7,-24,28,38,-15,
67,-18,2,-12,30,85,36,-40,-12,-9,-55,-15,50,-48,-6,-25,27,1,16,-6,62,29,20,18,-53,16,-54,-35,-46,-1,-63,-2,
33,-56,-32,46,21,8,-34,-8,-18,27,-47,-16,-6,-25,-9,15,29,6,-40,32,-22,-26,-26,-28,-46,34,26,-8,24,-51,-7,25,
-68,-17,-8,24,12,-12,4,-28,15,2,-13,-7,-35,12,20,23,7,-20,30,8,-19,-22,0,15,-34,31,-64,11,13,12,-63,35,
9,-21,-40,-30,-8,-39,4,-15,1,23,6,-28,19,19,9,-24,-30,-30,30,-8,-52,14,-43,23,22,-6,21,33,-38,16,48,-29,
-18,4,1,75,-24,-6,13,11,-17,36,19,46,-15,-18,-52,-57,50,12,32,-8,-27,43,-17,-7,25,7,47,11,28,26,63,-21,
-29,5,27,-70,-6,7,-26,-29,4,33,-46,-19,31,2,-25,22,-20,2,-9,13,-41,-10,7,-55,12,-16,-9,41,-9,29,50,24,
14,-4,-4,-36,21,6,-31,0,10,16,-14,27,19,-36,28,-15,-32,-9,-39,-5,-11,26,-2,6,14,21,-31,-26,-15,-30,-6,-38,
20,16,-13,-1,-6,13,4,16,0,-37,12,-18,9,-36,19,-4,-44,-44,28,11,60,16,6,5,9,-39,7,-21,-47,-6,-27,26,
-55,-24,-26,51,-31,-1,21,-7,7,20,-19,10,-59,26,21,-31,-33,-22,10,43,12,-5,43,32,3,12,2,25,34,-47,-42,-42,
25,5,-32,54,-19,-24,25,-7,2,12,33,31,-55,22,45,-31,-31,23,5,-4,62,-10,14,8,39,-8,-11,-26,-9,-21,-7,-5,
-2,-20,-14,52,-17,-30,-6,0,-26,-29,35,20,9,3,19,35,-14,-44,-9,-4,94,-22,23,-2,-19,37,-23,35,10,-35,4,3,
-35,-17,-6,-43,-19,-75,-20,-53,-22,-1,15,21,-57,15,-56,-10,26,-19,-2,0,-19,-59,24,-21,19,25,-64,34,-29,-6,53,3,
6,57,-37,-45,-23,64,-17,0,36,-37,-12,46,-17,-22,0,41,4,-27,23,-33,20,31,5,-26,-26,24,-12,3,-14,26,-27,-28,
28,-6,-2,11,16,9,-29,-72,-20,26,21,-34,14,-5,29,-1,0,6,0,28,-119,13,41,-6,-49,38,-22,38,-21,20,46,-8,
46,-38,-13,20,-3,19,-41,-9,36,-35,15,18,20,-14,40,48,-13,32,6,-17,44,-4,4,11,-5,-18,-17,22,-18,-18,-42,-34,
0,-16,-8,56,3,-29,-36,-64,-16,16,9,-15,-50,-16,-4,7,41,-42,66,-22,-85,-49,-5,-4,-4,-12,-15,22,7,-12,-15,-16,
73,17,-7,7,-27,-7,-32,-33,-31,-5,-28,21,-44,-26,54,59,14,7,34,0,-13,33,45,-16,-7,11,3,19,-7,-27,27,-34,
-35,-14,-22,0,23,-21,-8,-28,-40,-25,30,-39,-32,-16,-43,-2,23,18,30,-49,-42,31,13,17,-9,-27,5,13,20,-16,44,-35,
-15,-20,-8,-66,-23,31,20,-12,30,-36,18,-29,-43,16,5,13,-16,-11,35,-24,22,16,2,-4,-14,-21,13,-1,-9,23,-20,-7,
8,38,23,-21,23,-65,23,17,-25,19,-35,18,-2,5,24,-45,-15,18,-20,-4,80,-2,-39,-37,21,-37,-2,-16,-18,-52,35,30,
-43,46,-51,95,-34,-35,20,31,-44,3,29,32,12,15,-14,-47,-6,0,-13,-32,-18,14,-11,36,39,-24,22,-1,-22,21,59,-7,
-9,13,0,33,-22,25,-24,-19,-7,1,37,-24,-30,-21,10,50,-30,-52,0,14,-78,10,-28,44,17,20,-40,48,-24,-36,4,-36,
8,-28,-28,-3,-32,-14,23,25,31,-37,-15,25,-16,19,22,33,33,-31,-15,11,-25,-27,-16,30,-2,2,17,-25,42,26,-36,2,
-55,-14,-17,-49,29,-2,-14,-22,11,-37,35,-4,30,-15,9,-13,27,-37,-12,4,-46,37,-49,13,-28,1,-19,-9,5,12,-82,12,
47,3,-2,-25,-6,-28,29,7,-26,-33,-9,-7,18,21,-35,-34,-1,10,22,15,19,-12,6,-18,-6,28,2,-2,25,-20,-81,-22,
-18,-32,-10,-92,-27,17,-6,14,31,-5,43,0,-17,7,-24,-18,0,-41,12,32,70,-33,-26,-17,37,14,-57,-34,26,20,28,-14,
-23,28,-4,23,44,27,3,-15,26,-32,-39,2,75,-57,-3,-24,29,-26,-42,-19,35,2,-43,2,28,-19,-25,-57,-30,1,-69,22,
-41,-15,-12,-15,-37,0,23,16,-15,-8,26,-4,-13,-17,37,19,-56,37,-6,26,-94,38,37,-26,-44,-13,7,22,23,-34,28,-22,
-57,-34,-13,-17,-28,-46,-32,-3,-34,-4,38,-10,-39,6,-1,13,21,32,-15,-9,-24,-19,14,28,24,-41,8,-19,-42,8,58,-5,
70,-6,-35,-45,24,-11,35,-26,1,15,-2,-20,-25,33,25,51,-12,23,-14,-41,-103,-20,-25,-33,-35,-8,-32,7,-28,33,49,-29,
-26,15,9,60,-19,12,-7,-4,-28,32,-17,-34,25,5,17,-36,-21,-5,36,14,-25,12,-16,35,-37,12,-16,-35,46,-36,11,16,
-43,6,12,-56,32,-47,-22,-54,21,-20,22,-7,46,8,-51,-26,-13,17,-42,-61,-10,-5,-31,-48,16,-36,-18,-32,1,-32,53,-18,
-77,-85,36,-75,13,-97,1,44,-36,19,-19,25,-5,31,3,22,-15,27,-42,31,29,-41,-22,-8,-70,-46,15,-56,64,-27,-100,-36,
11,14,-30,-29,26,50,-16,-10,13,26,-25,7,13,-53,9,37,18,12,-12,-19,-96,25,-30,7,1,0,16,-21,28,-28,87,-15,
-32,6,0,-12,-15,1,40,-59,10,-22,34,2,-19,-5,3,22,41,40,5,17,5,10,-29,-3,-45,-37,-35,-36,-12,5,-13,14,
68,-22,5,-38,-23,32,-32,-28,-9,-30,17,27,-33,-10,22,36,33,12,-1,1,-81,-33,35,-12,-32,-9,-32,-29,-61,15,68,-11,
13,-11,-34,10,-28,32,-11,22,36,-15,-10,-31,-28,22,13,5,23,-21,-15,-38,43,-15,12,38,-2,6,4,-29,-9,-28,22,-14,
-23,60,-2,63,16,66,-21,3,43,4,-31,-15,26,-35,-24,13,-1,12,27,23,-86,-21,-10,23,26,-3,8,-20,28,-29,-20,26,
-30,7,-12,51,-32,23,-10,-22,20,-7,-4,32,40,38,24,-58,20,19,0,-21,3,41,-15,28,28,-24,-11,0,22,-12,-25,-27,
-7,-27,31,-32,-16,-44,-27,2,-27,-11,-41,-7,-7,26,30,27,6,29,-31,31,43,13,16,34,4,-42,44,-7,30,-30,-75,-22,
-27,-33,19,28,14,19,-14,-72,-11,-43,6,11,-24,40,-17,-17,17,-13,-6,25,-9,5,31,5,-42,-52,-23,17,-7,22,1,0,15,21,30,-14,-27,-11,25,31,8,44,8,-27,-23,-12,18,29,18,0,30,-5,17,-26,-11,16,-26,-6,-8,45,23,-12,-27,5,
-20,27,-18,24,21,-25,-25,19,49,-3,12,-1,-28,-7,-21,-24,11,-1,-26,-23,-12,3,15,-11,9,30,-11,12,-27,18,44,0,-24,-14,-12,1,-24,-5,-20,16,-1,9,12,5,8,-5,24,21,3,3,-44,-10,-41,12,-6,19,0,-3,-31,-11,-13,-25,19,8,
16,20,-4,0,-21,45,9,-23,-25,12,14,-8,16,0,-36,18,-16,-18,6,12,-20,7,-5,25,12,1,0,-15,6,5,-17,0,-2,32,6,30,19,2,35,-15,-18,6,16,-26,-23,-21,-6,-16,-20,-25,16,-49,-2,-21,-2,-7,38,-22,28,-8,-7,23,-6,8,
4,-2,1,23,-28,0,-18,-6,12,3,21,26,-6,3,-5,-19,-12,-19,24,7,-14,10,12,9,38,5,-7,14,12,10,5,0,11,21,-30,-19,6,6,30,10,-2,34,-11,13,9,-2,19,-1,-20,-9,-15,2,37,9,-16,-17,16,-3,22,19,44,25,0,-27,
9,-26,-25,17,19,7,19,-8,-6,4,-19,-39,-14,-38,-7,-10,-35,11,-28,18,-33,-17,-18,-31,-26,25,-24,-20,-32,-8,-5,0,-36,16,-31,13,-13,-10,-5,11,-32,-22,-14,12,-21,19,-21,13,-24,-33,2,-25,8,-35,-8,-14,21,-28,15,-12,17,-11,-37,-15,
-10,-24,30,9,23,-31,-23,13,-17,-36,-51,-6,26,11,-33,-8,15,-1,13,12,-10,29,-18,35,-24,2,-12,6,-7,9,16,0,27,22,17,-5,31,-16,-14,0,-8,-34,8,-18,17,39,4,-7,-20,19,6,78,-35,-11,-17,20,-32,-11,7,-5,-10,16,26,-6,
5,-2,-4,22,-7,-9,-24,18,-30,-5,-9,9,9,30,-2,0,-9,34,-30,-22,1,11,8,12,-8,9,-19,5,-23,7,-41,0,35,-15,20,-11,-17,-23,-4,-6,8,14,25,8,12,7,22,-24,-24,-23,-28,-14,28,-7,-6,-1,8,-32,-1,-8,-26,-4,-46,5,
27,10,-16,-21,22,7,25,-1,48,-35,-20,-13,-36,-66,-16,0,-17,-7,-25,-17,-31,-2,10,-36,-5,-16,-15,-6,-16,-17,14,0,-6,-32,-27,6,-15,-14,39,17,-19,-31,24,-40,1,11,12,-20,11,8,52,-40,24,21,29,15,-24,-25,-45,31,38,18,35,-18,
19,-2,-3,-13,-10,10,-11,-10,-16,-8,-47,-43,2,-14,-4,-29,22,34,3,-17,9,-44,15,1,-76,-17,11,4,-18,-21,-32,0,31,-17,-28,17,-26,-3,15,-29,9,-12,-30,-22,17,-37,-14,-32,-21,-27,-1,-101,-66,28,26,9,-27,9,5,-25,-30,6,11,-29,
2,10,-13,-28,-11,22,-36,-49,-35,-22,29,-2,18,15,10,9,-1,-8,22,-26,41,1,-3,21,-1,20,-16,22,-2,4,-8,0,-15,-20,20,-10,5,-1,-15,-7,20,38,10,3,21,19,2,15,13,9,-1,-48,9,-36,3,-12,2,9,-6,0,28,-19,-2,-17,
-7,0,20,7,-5,12,-29,17,-8,-28,-5,32,-2,-52,-32,-7,-29,8,-23,-16,-33,-11,-5,-25,20,-2,-27,7,1,24,40,0,4,19,15,17,4,-13,23,21,2,-18,-23,31,-16,-10,-18,25,-19,-29,28,4,-17,28,7,6,21,-25,23,13,-13,-13,25,-10,
-35,-7,-11,-37,-10,-41,29,-7,36,8,2,-13,-28,45,-23,-10,13,-12,16,25,1,-34,-22,-19,9,27,14,-8,14,18,-15,0,16,13,3,-18,16,-24,-14,29,22,2,24,13,-29,10,-7,-13,19,10,0,-17,62,17,-23,22,14,35,-7,-25,38,19,2,-35,
-9,-34,27,-27,-13,0,-16,-21,-11,53,-29,-4,-26,-10,15,-2,11,-10,-15,28,15,-4,-2,-32,6,-1,-11,-25,-8,16,-24,0,23,29,-36,-9,-3,8,-82,-21,42,-27,-1,18,-14,17,13,-6,-11,-14,5,67,-50,23,-8,14,7,-40,6,-37,-27,34,-29,23,
-36,-17,-22,-21,16,-35,24,-86,-15,-1,31,12,-7,34,-22,-24,2,14,19,-6,-65,11,-63,8,-25,7,25,-39,-23,-1,-4,0,24,5,-26,-25,17,-42,-15,17,5,1,-19,-3,24,4,22,-19,-25,17,-6,-35,-44,-21,2,0,0,7,-5,-18,-33,-40,27,-20,
-11,4,11,-15,-38,-28,-17,-35,36,-10,19,24,14,15,11,0,-15,8,-14,-14,-53,-15,17,-31,-32,4,4,-10,-35,15,-11,0,-21,-15,13,-18,39,-16,5,9,-69,9,-20,-10,-34,-4,5,7,-7,33,23,-29,90,-7,-3,-22,13,6,-2,0,30,17,-2,0,
-19,-11,22,27,-6,30,23,-87,14,24,-5,4,-15,26,-18,-3,-18,12,27,24,-29,19,-10,-19,-5,-22,23,14,-7,-24,8,0,20,-1,18,-23,-20,18,10,8,12,2,-1,27,5,-31,4,7,-32,4,-4,-39,16,-2,15,-31,20,35,-11,-22,-92,-42,-10,-3,
16,20,-31,-5,21,10,36,47,-31,-41,-3,-21,19,-48,-13,-16,30,-6,-14,6,52,27,-35,34,16,6,-9,-37,-16,17,-28,0,31,3,-5,-18,8,0,-6,1,21,-33,-24,12,-27,-6,-12,3,-9,-17,3,58,-6,0,-27,-28,-12,-39,21,-9,-6,6,-30,29,
14,1,15,-7,-26,34,-3,38,-39,40,14,18,9,-3,-6,3,-4,-38,15,-22,-6,-22,-13,5,7,35,-31,30,18,4,-19,0,21,14,29,17,18,-30,-23,-3,-29,8,10,-14,7,-21,-9,-17,-29,23,-14,43,18,-16,-36,-17,4,-1,3,29,20,4,-25,3,
-10,14,-8,-22,-15,-53,0,18,58,-21,-40,12,-16,-56,16,9,-4,31,-21,7,-8,7,-23,3,7,27,23,6,-26,-9,-16,0,-16,-14,-2,27,12,16,-17,27,-34,15,-11,-5,0,-11,-7,-24,-22,43,29,24,19,-8,-34,-18,49,-29,32,-1,-1,0,-33,22,
-4,-21,-15,27,-8,-38,-4,53,18,-11,-11,-11,20,22,-30,25,-1,-17,23,-7,-12,26,-38,27,3,-21,20,-30,2,29,-28,0,-3,15,-29,-11,-14,-41,-5,-8,-21,1,-18,-15,31,9,-19,6,-8,26,-15,-24,-15,-29,31,-4,17,42,10,-36,21,18,-23,9,
-37,1,-34,12,-4,15,-16,61,-38,-26,-36,-18,-10,41,-3,-21,-2,4,-29,-36,-42,28,-4,9,21,9,-12,-2,21,7,-29,0,-19,-37,9,-31,-9,-4,-27,4,26,-8,-6,-28,0,-24,-44,-17,-22,21,-19,43,-42,-1,14,-33,-42,19,10,-29,23,-17,-21,4,
16,-8,0,-41,-57,-3,-36,-31,21,32,-10,17,-22,-24,-10,6,24,-52,30,-12,-55,11,7,-18,15,40,-16,-25,-42,-24,-27,0,-23,-11,13,27,-2,28,-4,21,12,16,-36,-18,19,15,-7,-38,-15,18,-33,-76,62,-31,18,14,1,26,-16,-30,58,22,-41,15,
5,-30,17,7,-7,-21,14,-3,19,-51,-3,-51,17,-50,-30,30,18,-30,24,-11,26,-19,20,16,-12,-14,22,15,-23,-21,14,0,-12,-6,7,17,-23,-12,24,21,-10,-25,20,4,24,-11,-30,-20,-5,9,-38,-81,-25,-34,-3,-11,39,-20,-5,17,37,19,21,-1,
-27,27,19,-12,-23,-7,12,64,13,44,-17,21,-27,-67,-46,-20,-23,35,1,2,-18,-51,-15,35,-10,8,-7,16,-25,-18,-1,0,-41,43,-41,-3,1,-6,13,-2,12,15,10,3,-7,3,11,17,37,3,-32,21,-18,-5,15,2,34,-59,-5,-6,-51,18,-24,9,
1,-7,-35,37,-6,21,-8,-41,-19,38,19,54,6,25,-30,3,-20,22,-10,4,-39,-1,7,18,0,-39,-32,18,-15,6,14,0,-13,-1,16,4,-23,-14,27,3,-10,-9,-19,9,-37,-25,-5,13,6,-25,-55,-26,63,17,-4,-6,-20,60,-15,6,-42,21,-7,20,
-40,7,-27,10,-31,-13,-40,47,-28,-33,17,18,-13,8,22,26,-4,-22,-3,-28,-10,-2,-27,32,15,23,6,-1,27,-20,-41,0,41,-44,-4,-24,-31,-33,17,-12,-13,2,30,1,13,31,-9,-26,15,-1,-23,70,-54,-6,-30,24,-41,-9,-16,22,-11,4,3,-13,
13,-47,2,-34,-13,2,22,57,5,-17,-6,-26,-16,-10,-4,20,27,-33,-39,-18,-34,-22,-1,19,4,4,34,24,-14,29,17,0,-15,27,5,18,-30,5,-7,-3,0,-58,0,-14,-30,-9,-26,-30,-36,-22,-36,48,-9,-32,27,17,-41,27,-5,-1,-53,-17,-2,-23,
-42,23,-24,-18,7,-51,25,23,11,-1,-25,-48,-10,4,-24,-1,1,-12,-30,18,26,-28,3,-4,3,5,8,-18,-12,22,-17,0,-2,3,14,-15,-7,-16,-15,-8,-1,21,21,3,-1,-28,13,9,-1,5,-30,-64,-13,-7,-18,24,-34,-5,6,-6,7,21,7,5,
-32,-21,23,31,9,-6,29,35,58,-18,-7,16,-9,-63,-26,-28,-27,-24,-19,16,-33,-16,12,-25,-11,-3,-6,8,15,-35,47,0,14,-8,-6,30,-8,22,-8,-27,10,10,7,-2,-12,-27,16,33,-13,-2,24,53,18,-43,49,2,34,30,14,-10,22,3,-10,16,
-7,-45,-33,-24,16,19,15,-78,-35,-10,-15,-1,-5,75,22,-28,-11,43,15,-19,13,-9,2,-30,-3,-39,-29,-5,25,-20,1,0,-8,-26,-28,-25,-10,-44,-40,-23,15,-16,-13,46,0,-27,-6,-29,4,13,-9,-26,-41,20,26,23,-35,49,-3,-35,-35,7,-31,-13,
-26,-18,-7,17,-32,26,11,97,34,-60,8,-39,-28,27,4,-38,22,0,17,-26,-42,15,42,28,7,15,-16,-5,28,-31,-23,0,50,-64,15,-25,-14,19,0,26,23,-19,31,2,-40,-13,-6,40,13,-24,-43,40,-37,12,31,5,-24,-33,-19,45,-8,-27,-73,-24,
25,6,22,13,-15,12,-7,-19,-38,-17,22,39,-4,-1,5,3,19,-30,-7,-20,8,14,-12,16,-20,-3,-9,-13,23,0,21,0,-6,-28,-18,27,-26,2,0,10,-12,27,-14,15,-30,31,24,16,11,16,9,0,64,25,15,-1,-7,37,3,-26,9,14,-16,8,
-68,-7,-37,44,-3,0,-20,-9,53,-31,34,66,-40,48,-7,-29,10,-22,-71,-10,-53,-4,-24,-56,40,28,-80,-39,-46,-111,23,49,
27,-11,64,-10,-39,0,-20,-15,38,9,58,-67,67,4,67,46,-11,-81,-28,-7,-17,51,-24,-38,14,-12,-30,49,6,-107,4,-122,
-40,68,-7,3,-52,0,-37,-58,-51,21,87,66,-69,-44,49,29,-20,45,9,14,11,-50,64,46,36,-28,-10,10,-59,48,-38,68,
57,-58,80,1,10,0,-46,-21,-36,-33,-10,53,15,5,43,-48,-51,-48,11,22,12,9,-29,-9,70,21,29,26,-33,49,-75,10,
-29,49,14,-35,-37,0,21,29,38,35,-44,-49,-78,7,54,85,15,-39,-22,56,48,-46,36,-8,-40,102,5,-21,-59,-47,-30,-19,
-8,53,7,-67,20,0,12,46,59,48,6,-44,89,56,-13,20,-11,20,-9,39,-2,52,-5,-45,-11,23,43,56,-16,1,-12,106,
0,0,0,0,0,0,0,0,0,0,0,0,0,0,0,0,0,0,0,0,0,0,0,0,0,0,0,0,0,0,0,0,
0,0,0,0,0,0,0,0,0,0,0,0,0,0,0,0,0,0,0,0,0,0,0,0,0,0,0,0,0,0,0,0,
0,0,0,0,0,0,0,0,0,0,0,0,0,0,0,0,0,0,0,0,0,0,0,0,0,0,0,0,0,0,0,0,0,0,0,0,0,0,0,0,0,0,0,0,0,0,0,0,0,0,0,0,0,0,0,0,0,0,0,0,0,0,0,0,0,0,0,0,0,0,0,0,0,0,0,0,0,0,0,0,0,0,0,0,0,0,0,0,0,0,0,0,0,0,0,0,0,0,0,0,0,0,0,0,0,0,0,0,0,0,0,0,0,0,0,0,0,0,0,0,0,0,0,0,0,0,0,0,0,0,0,0,0,0,0,0,0,0,0,0,0,0,0,0,0,0,0,0,0,0,0,0,0,0,0,0,0,0,0,0,0,0,0,0,0,0,0,0,0,0,0,0,0,0,0,0,0,0,0,0,0,0,0,0,0,0,0,0,0,0,0,0,0,0,0,0,0,0,0,0,0,0,0,0,0,0,0,0,0,0,0,0,0,0,0,0,0,0,0,0,0,0,0,0,0,0,0,0,0,0,0,0,0,0,0,0,0,0,0,0,0,0,0,0,0,0,0,0,0,0,0,0,0,0,0,0,0,0,0,0,0,0,0,0,0,0,0,0,0,0,0,0,0,0,0,0,0,0,0,0,0,0,0,0,0,0,0,0,0,0,0,0,0,0,0,0,0,0,0,0,0,0,0,0,0,0,0,0,0,0,0,0,0,0,0,0,0,0,0,0,0,0,0,0,0,0,0,0,0,0,0,0,0,0,0,0,0,0,0,0,0,0,0,0,0,0,0,0,0,0,0,0,0,0,0,0,0,0,0,0,0,0,0,0,0,0,0,0,0,0,0,0,0,0,0,0,0,0,0,0,0,0,0,0,0,0,0,0,0,0,0,0,0,0,0,0,0,0,0,0,0,0,0,0,0,0,0,0,0,0,0,0,0,0,0,0,0,0,0,0,0,0,0,0,0,0,0,0,0,0,0,0,0,0,0,0,0,0,0,0,0,0,0,0,0,0,0,0,0,0,0,0,0,0,0,0,0,0,0,0,0,0,0,0,0,0,0,0,0,0,0,0,0,0,0,0,0,0,0,0,0,0,0,0,0,0,0,0,0,0,0,0,0,0,0,0,0,0,0,0,0,0,0,0,0,0,0,0,0,0,0,0,0,0,0,0,0,0,0,0,0,0,0,0,0,0,0,0,0,0,0,0,0,0,0,0,0,0,0,0,0,0,0,0,0,0,0,0,0,0,0,0,0,0,0,0,0,0,0,0,0,0,0,0,0,0,0,0,0,0,0,0,0,0,0,0,0,0,0,0,0,0,0,0,0,0,0,0,0,0,0,0,0,0,0,0,0,0,0,0,0,0,0,0,0,0,0,0,0,0,0,0,0,0,0,0,0,0,0,0,0,0,0,0,0,0,0,0,0,0,0,0,0,0,0,0,0,0,0,0,0,0,0,0,0,0,0,0,0,0,0,0,0,0,0,0,0,0,0,0,0,0,0,0,0,0,0,0,0,0,0,0,0,0,0,0,0,0,0,0,0,0,0,0,0,0,0,0,0,0,0,0,0,0,0,0,0,0,0,0,0,0,0,0,0,0,0,0,0,0,0,0,0,0,0,0,0,0,0,0,0,0,0,0,0,0,0,0,0,0,0,0,0,0,0,0,0,0,0,0,0,0,0,0,0,0,0,0,0,0,0,0,0,0,0,0,0,0,0,0,0,0,0,0,0,0,0,0,0,0,0,0,0,0,0,0,0,0,0,0,0,0,0,0,0,0,0,0,0,0,0,0,0,0,0,0,0,0,0,0,0,0,0,0,0,0,0,0,0,0,0,0,0,0,0,0,0,0,0,0,0,0,0,0,0,0,0,0,0,0,0,0,0,0,0,0,0,0,0,0,0,0,0,0,0,0,0,0,0,0,0,0,0,0,0,0,0,0,0,0,0,0,0,0,0,0,0,0,0,0,0,0,0,0,0,0,0,0,0,0,0,0,0,0,0,0,0,0,0,0,0,0,0,0,0,0,0,0,0,0,0,0,0,0,0,0,0,0,0,0,0,0,0,0,0,0,0,0,0,0,0,0,0,0,0,0,0,0,0,0,0,0,0,0,0,0,0,0,0,0,0,0,0,0,0,0,0,0,0,0,0,0,0,0,0,0,0,0,0,0,0,0,0,0,0,0,0,0,0,0,0,0,0,0,0,0,0,0,0,0,0,0,0,0,0,0,0,0,0,0,0,0,0,0,0,0,0,0,0,0,0,0,0,0,0,0,0,0,0,0,0,0,0,0,0,0,0,0,0,0,0,0,0,0,0,0,0,0,0,0,0,0,0,0,0,0,0,0,0,0,0,0,0,0,0,0,0,0,0,0,0,0,0,0,0,0,0,0,0,0,0,0,0,0,0,0,0,0,0,0,0,0,0,0,0,0,0,0,0,0,0,0,0,0,0,0,0,0,0,0,0,0,0,0,0,0,0,0,0,0,0,0,0,0,0,0,0,0,0,0,0,0,0,0,0,0,0,0,0,0,0,0,0,0,0,0,0,0,0,0,0,0,0,0,0,0,0,0,0,0,0,0,0,0,0,0,0,0,0,0,0,0,0,0,0,0,0,0,0,0,0,0,0,0,0,0,0,0,0,0,0,0,0,0,0,0,0,0,0,0,0,0,0,0,0,0,0,0,0,0,0,0,0,0,0,0,0,0,0,0,0,0,0,0,0,0,0,0,0,0,0,0,0,0,0,0,0,0,0,0,0,0,0,0,0,0,0,0,0,0,0,0,0,0,0,0,0,0,0,0,0,0,0,0,0,0,0,0,0,0,0,0,0,0,0,0,0,0,0,0,0,0,0,0,0,0,0,0,0,0,0,0,0,0,0,0,0,0,0,0,0,0,0,0,0,0,0,0,0,0,0,0,0,0,0,0,0,0,0,0,0,0,0,0,0,0,0,0,0,0,0,0,0,0,0,0,0,0,0,0,0,0,0,0,0,0,0,0,0,0,0,0,0,0,0,0,0,0,0,0,0,0,0,0,0,0,0,0,0,0,0,0,0,0,0,0,0,0,0,0,0,0,0,0,0,0,0,0,0,0,0,0,0,0,0,0,0,0,0,0,0,0,0,0,0,0,0,0,0,0,0,0,0,0,0,0,0,0,0,0,0,0,0,0,0,0,0,0,0,0,0,0,0,0,0,0,0,0,0,0,0,0,0,0,0,0,0,0,0,0,0,0,0,0,0,0,0,0,0,0,0,0,0,0,0,0,0,0,0,0,0,0,0,0,0,0,0,0,0,0,0,0,0,0,0,0,0,0,0,0,0,0,0,0,0,0,0,0,0,0,0,0,0,0,0,0,0,0,0,0,0,0,0,0,0,0,0,0,0,0,0,0,0,0,0,0,0,0,0,0,0,0,0,0,0,0,0,0,0,0,0,0,0,0,0,0,0,0,0,0,0,0,0,0,0,0,0,0,0,0,0,0,0,0,0,0,0,0,0,0,0,0,0,0,0,0,0,0,0,0,0,0,0,0,0,0,0,0,0,0,0,0,0,0,0,0,0,0,0,0,0,0,0,0,0,0,0,0,0,0,0,0,0,0,0,0,0,0,0,0,0,0,0,0,0,0,0,0,0,0,0,0,0,0,0,0,0,0,0,0,0,0,0,0,0,0,0,0,0,0,0,0,0,0,0,0,0,0,0,0,0,0,0,0,0,0,0,0,0,0,0,0,0,0,0,0,0,0,0,0,0,0,0,0,0,0,0,0,0,0,0,0,0,0,0,0,0,0,0,0,0,0,0,0,0,0,0,0,0,0,0,0,0,0,0,0,0,0,0,0,0,0,0,0,0,0,0,0,0,0,0,0,0,0,0,0,0,0,0,0,0,0,0,0,0,0,0,0,0,0,0,0,0,0,0,0,0,0,0,0,0,0,0,0,0,0,0,0,0,0,0,0,0,0,0,0,0,0,0,0,0,0,0,0,0,0,0,0,0,0,0,0,0,0,0,0,0,0,0,0,0,0,0,0,0,0,0,0,0,0,0,0,

};