signed char w4 [] = {
53,45,9,37,-4,16,18,30,-16,-1,19,15,-19,-9,-47,5,
-3,20,0,-14,35,7,-7,-14,-16,-5,-75,4,5,48,6,17,
19,-16,-4,52,-31,38,34,-6,-40,-26,34,-33,-51,-23,37,17,
-29,-27,35,38,-32,-15,24,3,-50,-53,-9,-59,18,-7,-42,-55,
53,44,-16,21,-19,-31,-16,-12,-18,-45,9,24,-87,-51,4,-52,
34,-24,-60,-37,-53,-64,12,-18,26,-11,10,14,-59,8,-31,2,
-8,10,27,52,52,13,-1,32,37,25,17,-17,25,-13,-35,-50,
21,-38,-22,-47,-11,31,22,13,3,28,-36,-22,39,47,-20,-22,
-29,-9,-53,-42,25,-7,15,-27,8,29,36,12,-38,-7,-13,5,
-44,-4,-27,-7,-39,-39,2,-6,55,23,31,54,-27,-55,49,18,
29,-13,-12,21,-8,43,41,21,-8,29,-15,-42,40,8,5,-17,
-6,3,28,56,-20,-30,-32,-2,-5,23,-101,-70,-1,25,-81,-50,
-32,-27,-21,-28,24,46,41,41,40,-1,54,-1,-54,2,-3,23,
-41,10,9,-6,-9,-22,33,34,39,26,13,46,-17,-33,58,24,
-51,-20,19,67,28,18,4,-22,-22,-27,44,94,-28,-71,40,62,
40,25,-30,-30,-10,-13,-35,-49,45,-33,13,-30,-15,-56,-54,-79,
41,25,-22,-21,-40,29,-22,-8,-8,-40,-3,20,-79,-17,-16,14,
-9,33,-56,-34,68,61,-2,-25,32,-22,31,-12,49,58,-45,-63,
-1,13,36,59,55,5,-43,-6,-2,39,-19,-24,8,1,-93,-58,
-12,-13,-45,7,2,-18,-26,7,5,-5,-40,-29,38,-3,12,25,
38,-1,-1,-76,24,60,0,-11,20,-19,-11,-51,-24,-50,-32,-48,
-18,29,3,-21,11,-29,19,3,-72,-48,-5,-8,-3,-67,45,10,
23,-3,-28,-46,6,-43,-18,19,32,36,-39,-8,44,41,-13,17,
-15,-8,27,-46,17,37,-21,-4,-34,5,26,-30,-33,-44,22,-36,
-29,-41,-16,-57,-32,-30,13,35,77,43,39,1,-24,-37,-3,-25,
-48,-38,2,-57,69,47,40,12,-29,0,8,15,-6,54,-37,-64,
-66,-19,33,-9,20,-21,36,-6,-31,-11,2,20,26,-28,40,-6,
-2,19,-63,-47,20,39,-7,20,-39,0,-51,2,58,76,51,34,
-28,42,20,-53,36,-13,31,-36,23,-1,-26,-11,19,48,34,49,
-35,-45,-38,-32,-11,-22,21,10,-48,-34,-58,-51,-31,48,88,85,
26,-38,-14,-50,-40,-20,-19,30,-22,-55,-1,-20,-2,-6,-25,8,
44,-22,-16,-4,-26,13,-18,36,-18,-5,-34,5,-7,-37,-61,-59,
0,0,0,0,0,0,0,0,0,0,0,0,0,0,0,0,0,0,0,0,0,0,0,0,0,0,0,0,0,0,0,0,0,0,0,0,0,0,0,0,0,0,0,0,0,0,0,0,0,0,0,0,0,0,0,0,0,0,0,0,0,0,0,0,0,0,0,0,0,0,0,0,0,0,0,0,0,0,0,0,0,0,0,0,0,0,0,0,0,0,0,0,0,0,0,0,0,0,0,0,0,0,0,0,0,0,0,0,0,0,0,0,0,0,0,0,0,0,0,0,0,0,0,0,0,0,0,0,0,0,0,0,0,0,0,0,0,0,0,0,0,0,0,0,0,0,0,0,0,0,0,0,0,0,0,0,0,0,0,0,0,0,0,0,0,0,0,0,0,0,0,0,0,0,0,0,0,0,0,0,0,0,0,0,0,0,0,0,0,0,0,0,0,0,0,0,0,0,0,0,0,0,0,0,0,0,0,0,0,0,0,0,0,0,0,0,0,0,0,0,0,0,0,0,0,0,0,0,0,0,0,0,0,0,0,0,0,0,0,0,0,0,0,0,0,0,0,0,0,0,0,0,0,0,0,0,0,0,0,0,0,0,0,0,0,0,0,0,0,0,0,0,0,0,0,0,0,0,0,0,0,0,0,0,0,0,0,0,0,0,0,0,0,0,0,0,0,0,0,0,0,0,0,0,0,0,0,0,0,0,0,0,0,0,0,0,0,0,0,0,0,0,0,0,0,0,0,0,0,0,0,0,0,0,0,0,0,0,0,0,0,0,0,0,0,0,0,0,0,0,0,0,0,0,0,0,0,0,0,0,0,0,0,0,0,0,0,0,0,0,0,0,0,0,0,0,0,0,0,0,0,0,0,0,0,0,0,0,0,0,0,0,0,0,0,0,0,0,0,0,0,0,0,0,0,0,0,0,0,0,0,0,0,0,0,0,0,0,0,0,0,0,0,0,0,0,0,0,0,0,0,0,0,0,0,0,0,0,0,0,0,0,0,0,0,0,0,0,0,0,0,0,0,0,0,0,0,0,0,0,0,0,0,0,0,0,0,0,0,0,0,0,0,0,0,0,0,0,0,0,0,0,0,0,0,0,0,0,0,0,0,0,0,0,0,0,0,0,0,0,0,0,0,0,0,0,0,0,0,0,0,0,0,0,0,0,0,0,0,0,0,0,0,0,0,0,0,0,0,0,0,0,0,0,0,0,0,0,0,0,0,0,0,0,0,0,0,0,0,0,0,0,0,0,0,0,0,0,0,0,0,0,0,0,0,0,0,0,0,0,0,0,0,0,0,0,0,0,0,0,0,0,0,0,0,0,0,0,0,0,0,0,0,0,0,0,0,0,0,0,0,0,0,0,0,0,0,0,0,0,0,0,0,0,0,0,0,0,0,0,0,0,0,0,0,0,0,0,0,0,0,0,0,0,0,0,0,0,0,0,0,0,0,0,0,0,0,0,0,0,0,0,0,0,0,0,0,0,0,0,0,0,0,0,0,0,0,0,0,0,0,0,0,0,0,0,0,0,0,0,0,0,0,0,0,0,0,0,0,0,0,0,0,0,0,0,0,0,0,0,0,0,0,0,0,0,0,0,0,0,0,0,0,0,0,0,0,0,0,0,0,0,0,0,0,0,0,0,0,0,0,0,0,0,0,0,0,0,0,0,0,0,0,0,0,0,0,0,0,0,0,0,0,0,0,0,0,0,0,0,0,0,0,0,0,0,0,0,0,0,0,0,0,0,0,0,0,0,0,0,0,0,0,0,0,0,0,0,0,0,0,0,0,0,0,0,0,0,0,0,0,0,0,0,0,0,0,0,0,0,0,0,0,0,0,0,0,0,0,0,0,0,0,0,0,0,0,0,0,0,0,0,0,0,0,0,0,0,0,0,0,0,0,0,0,0,0,0,0,0,0,0,0,0,0,0,0,0,0,0,0,0,0,0,0,0,0,0,0,0,0,0,0,0,0,0,0,0,0,0,0,0,0,0,0,0,0,0,0,0,0,0,0,0,0,0,0,0,0,0,0,0,0,0,0,0,0,0,0,0,0,0,0,0,0,0,0,0,0,0,0,0,0,0,0,0,0,0,0,0,0,0,0,0,0,0,0,0,0,0,0,0,0,0,0,0,0,0,0,0,0,0,0,0,0,0,0,0,0,0,0,0,0,0,0,0,0,0,0,0,0,0,0,0,0,0,0,0,0,0,0,0,0,0,0,0,0,0,0,0,0,0,0,0,0,0,0,0,0,0,0,0,0,0,0,0,0,0,0,0,0,0,0,0,0,0,0,0,0,0,0,0,0,0,0,0,0,0,0,0,0,0,0,0,0,0,0,0,0,0,0,0,0,0,0,0,0,0,0,0,0,0,0,0,0,0,0,0,0,0,0,0,0,0,0,0,0,0,0,0,0,0,0,0,0,0,0,0,0,0,0,0,0,0,0,0,0,0,0,0,0,0,0,0,0,0,0,0,0,0,0,0,0,0,0,0,0,0,0,0,0,0,0,0,0,0,0,0,0,0,0,0,0,0,0,0,0,0,0,0,0,0,0,0,0,0,0,0,0,0,0,0,0,0,0,0,0,0,0,0,0,0,0,0,0,0,0,0,0,0,0,0,0,0,0,0,0,0,0,0,0,0,0,0,0,0,0,0,0,0,0,0,0,0,0,0,0,0,0,0,0,0,0,0,0,0,0,0,0,0,0,0,0,0,0,0,0,0,0,0,0,0,0,0,0,0,0,0,0,0,0,0,0,0,0,0,0,0,0,0,0,0,0,0,0,0,0,0,0,0,0,0,0,0,0,0,0,0,0,0,0,0,0,0,0,0,0,0,0,0,0,0,0,0,0,0,0,0,0,0,0,0,0,0,0,0,0,0,0,0,0,0,0,0,0,0,0,0,0,0,0,0,0,0,0,0,0,0,0,0,0,0,0,0,0,0,0,0,0,0,0,0,0,0,0,0,0,0,0,0,0,0,0,0,0,0,0,0,0,0,0,0,0,0,0,0,0,0,0,0,0,0,0,0,0,0,0,0,0,0,0,0,0,0,0,0,0,0,0,0,0,0,0,0,0,0,0,0,0,0,0,0,0,0,0,0,0,0,0,0,0,0,0,0,0,0,0,0,0,0,0,0,0,0,0,0,0,0,0,0,0,0,0,0,0,0,0,0,0,0,0,0,0,0,0,0,0,0,0,0,0,0,0,0,0,0,0,0,0,0,0,0,0,0,0,0,0,0,0,0,0,0,0,0,0,0,0,0,0,0,0,0,0,0,0,0,0,0,0,0,0,0,0,0,0,0,0,0,0,0,0,0,0,0,0,0,0,0,0,0,0,0,0,0,0,0,0,0,0,0,0,0,0,0,0,0,0,0,0,0,0,0,0,0,0,0,0,0,0,0,0,0,0,0,0,0,0,0,0,0,0,0,0,0,0,0,0,0,0,0,0,0,0,0,0,0,
-23,10,-2,2,-29,-12,-2,-11,-6,-9,-10,-31,26,-10,25,6,-6,-21,8,-11,20,23,38,-30,7,11,13,-1,-21,22,-19,1,
-17,28,4,-11,8,-24,4,7,3,-15,30,-24,-14,-5,-15,-1,-29,18,10,-42,9,20,7,-12,4,16,-1,-8,20,24,-31,17,
18,-22,40,-31,10,25,20,-2,24,-9,-10,-13,-8,10,-17,-8,10,-36,26,-30,7,22,-30,0,-11,-25,-25,-23,22,-19,-26,20,
-30,-3,36,28,16,-25,-27,-2,0,-2,-21,-13,3,8,-42,16,-10,-20,9,-22,14,-12,42,3,-15,-4,16,18,17,-8,-3,10,
-18,11,26,-25,-5,-21,-4,4,33,4,26,19,8,-31,-7,1,9,1,-55,-11,13,12,-14,29,28,-32,10,12,-25,-50,4,-10,
-34,-5,-28,19,-33,19,-11,-23,2,14,32,48,19,30,-13,-31,-11,-48,26,-4,-29,-17,10,-26,-14,-17,38,-28,16,2,-14,11,
-15,4,36,12,5,-11,23,-1,-6,17,-26,-28,-24,5,34,-1,-1,-40,0,7,24,9,18,-24,-2,-21,-26,-27,19,-25,-1,12,
32,21,47,-33,-8,-58,6,10,41,32,1,-23,-36,-10,22,-19,6,-14,-36,-24,-14,-20,15,15,-22,1,6,-34,3,-44,-12,11,
-20,18,-11,-11,0,-4,12,12,-14,0,-6,-36,27,9,-20,34,-5,3,-22,-18,-27,10,29,40,34,25,17,-16,-14,-17,-28,36,
14,17,6,28,-8,1,3,10,-35,-22,19,-13,4,-10,14,21,14,-35,24,8,25,9,28,5,-34,-16,-6,5,11,8,18,2,
28,9,6,14,34,19,-11,-16,-17,-13,-18,17,-15,-4,-7,25,13,18,12,-34,20,-5,-10,15,40,-16,17,26,-9,16,-14,1,
-31,-1,-1,30,36,-49,-13,-1,1,9,25,57,37,-16,-41,-23,-7,-56,-37,-3,11,28,27,42,-55,23,-11,-25,14,21,-19,37,
-4,-16,6,-33,-27,6,28,-1,11,18,2,35,30,-4,-2,-78,-7,-38,-2,33,14,-9,-79,-10,-39,-5,-11,-42,26,-28,-32,21,
13,0,-7,-9,-30,13,-18,5,10,32,-8,25,15,-2,24,-35,-16,-29,-4,14,-7,-10,-43,11,-36,-36,-27,-14,9,-33,-15,0,
-31,-17,10,-3,4,13,-13,19,-13,-40,-26,-9,4,-8,-18,11,-24,34,-13,3,-12,8,0,-6,-30,-16,8,36,2,4,19,18,
-7,16,20,-17,10,0,7,16,21,24,3,3,10,9,16,-6,-9,-22,-30,-4,3,-25,-8,-6,-11,-24,9,9,-25,7,-35,0,
-7,23,-26,10,13,0,-7,16,-12,8,28,-6,-29,14,-18,-11,-3,-11,32,16,-22,8,6,6,-5,11,-24,28,24,14,11,4,
23,14,4,-14,8,11,10,-17,14,2,7,-15,19,-9,0,40,13,23,0,-25,7,8,-26,7,40,15,18,-3,-8,-26,0,6,
30,11,-3,-32,-18,9,14,14,1,19,-9,24,4,-2,17,-40,-3,38,-30,-4,-10,-10,-62,0,33,15,-32,3,-12,-23,-50,-3,
16,-7,-36,3,-8,32,-29,-1,10,11,15,-6,9,-11,2,-23,-24,19,30,19,2,8,-16,-5,-4,-18,26,-7,17,7,-26,-2,
12,4,27,6,-19,18,22,14,26,30,-6,14,-16,15,29,-51,3,-19,3,13,-10,-4,-10,-17,11,1,-39,-12,-2,5,-25,-12,
4,-37,49,-19,-12,-44,-3,-30,29,-4,-18,6,5,-12,-8,5,-2,-27,-60,9,-6,-17,9,-47,2,5,22,-22,10,-15,26,-33,
25,-15,31,-13,12,2,9,18,-10,5,13,29,2,11,3,-29,8,46,6,63,-31,0,-63,38,12,7,-31,-3,-6,10,-41,28,
-19,22,14,0,-16,-6,13,-2,-17,11,20,-28,-23,-1,25,7,-16,12,-9,15,-13,-31,-5,-57,-29,-49,11,3,16,28,38,-45,
-1,21,15,23,24,-48,18,-25,-36,12,24,54,8,-23,-37,5,16,-47,-45,-28,10,10,51,-5,-18,-20,14,-32,0,4,13,-2,
54,-53,28,-71,-63,1,47,-21,34,49,-31,-35,-17,-9,23,-109,43,-100,-24,-33,8,-3,-108,-18,-34,-32,-57,-73,26,-12,-38,-33,
-29,19,-7,-3,-13,5,-2,20,-14,-16,-2,45,1,-30,-30,-11,-11,-4,-16,-23,-20,-1,14,19,2,18,19,-5,-6,-43,-10,31,
-23,29,-15,-9,27,-50,18,1,-1,-13,6,-20,8,-17,3,-12,3,34,7,-10,-18,28,14,11,5,46,-14,-24,-28,13,3,15,
-4,15,2,5,16,-16,17,-21,-3,27,19,-9,-27,13,4,16,-7,13,41,-10,16,-11,25,41,4,4,-9,7,-22,22,-11,6,
36,-9,-28,12,5,-20,-24,3,2,18,13,35,-37,-12,28,-13,13,-20,-23,52,13,-16,-10,-33,8,-2,-13,30,-26,10,24,-23,
-19,-8,-11,-25,-4,-11,-11,13,-27,10,17,38,16,22,-16,16,10,-18,-9,47,-12,-25,26,2,-15,3,-9,7,22,-18,15,13,
-20,10,-5,10,36,-14,3,-6,-10,11,24,12,-47,18,-18,4,12,-1,4,2,-28,-7,47,20,-30,-25,-78,16,11,-29,7,7,
-18,0,23,-8,-13,-52,-9,10,24,-16,-21,-22,3,-13,-27,13,-18,19,-55,21,-1,39,-19,-45,20,-8,-8,-22,7,-6,-1,-28,
15,14,8,-25,30,16,3,-1,17,14,-6,10,6,-24,-19,25,-21,26,-9,-4,19,-3,-19,18,-22,14,22,-17,-10,-2,-31,8,
-18,15,9,8,-15,-25,-22,-12,16,-2,2,53,9,8,-14,-15,5,-65,-29,10,-25,28,-39,37,-34,-5,1,-9,17,-17,-26,30,
10,-2,-28,-42,-44,-11,16,9,-35,-19,7,29,14,-20,10,-28,-6,-5,11,105,9,-3,-75,-56,-73,12,-16,14,6,5,-9,-8,
18,-4,-25,28,-21,22,-21,-15,-6,-33,-32,27,22,3,-8,-4,15,22,-1,23,25,1,-56,-44,0,9,14,-20,28,25,6,-26,
6,4,17,17,5,-21,-16,-17,-5,2,22,0,-34,1,13,-17,4,-30,-4,-3,10,-7,33,-44,-11,-28,-12,-32,13,16,23,-29,
36,-15,34,-4,-28,-30,4,1,33,10,14,4,-6,21,18,-11,-27,17,-10,23,-1,2,-44,52,-9,25,-11,-11,2,25,-4,-8,
20,-18,3,-6,-20,-54,23,-16,4,22,-16,-41,-38,0,19,-5,-9,12,-7,18,20,2,-13,-24,24,5,-20,28,20,23,-24,-21,
-14,-25,32,-29,-25,62,-9,-16,-66,-20,-2,-1,-26,7,18,-28,-31,-29,-11,17,15,-4,4,-17,2,-27,23,17,10,-26,8,-16,
46,-6,42,-43,-38,1,38,-18,15,56,-25,-29,1,36,37,-43,6,-21,-47,34,-15,26,-84,20,20,-12,0,-4,-5,-6,-8,1,
6,16,-5,-16,-3,33,2,-7,-17,17,6,16,-26,-14,-16,-24,20,31,4,24,-23,13,-16,18,-19,-21,-22,-20,-1,18,-22,-1,
-24,12,13,13,37,-93,-13,-15,-20,-35,-21,-35,-20,-18,-53,9,4,19,-12,-44,-28,5,27,21,11,-18,22,6,6,-42,37,29,
32,-7,3,-2,5,-1,-2,-17,18,22,8,63,8,20,19,-11,-11,7,-21,52,2,-24,-31,-36,-5,-12,2,-31,-22,-6,0,7,
25,14,-6,-26,-9,-10,22,15,12,15,-15,-17,-14,11,30,-27,30,-27,-40,-6,24,-13,-66,-52,16,-20,27,5,23,23,-5,-17,
16,15,18,19,-28,14,10,-33,15,-12,26,-23,0,5,25,-2,-5,-8,-14,-15,12,4,-4,-27,18,-38,12,-30,-23,27,31,-1,
1,15,41,23,30,-40,-17,11,-26,-16,8,-19,-8,23,27,-2,9,-7,-50,-40,29,17,34,-53,2,15,29,-13,-12,23,7,-21,
-17,-16,-21,-30,-10,31,3,-23,4,15,11,-33,-49,-31,-35,14,17,-48,65,-41,12,-69,65,-9,-4,-41,3,-38,-22,-61,27,-27,
-3,17,8,-23,-21,18,12,6,5,-4,3,-24,-35,-2,2,-10,30,-19,38,51,0,-24,-42,-28,-23,-31,-35,-13,24,-34,-9,-13,
-35,11,-69,50,-58,-15,-22,-7,-13,-80,-48,-42,-1,-18,-49,-44,-17,28,10,0,-23,2,-32,-61,5,14,27,7,9,2,8,-11,
6,-1,0,38,-34,38,31,-18,38,28,-25,48,0,-3,33,-16,-6,15,-36,49,-7,0,64,-28,-63,-4,-37,-19,-5,-12,-42,-9,
1,7,-21,0,6,13,1,-20,-37,30,33,54,-4,-19,16,18,4,-50,28,-4,-15,7,46,49,10,15,-14,-18,-4,6,31,37,
-13,10,3,-13,14,7,0,-25,12,-25,-34,8,-13,-29,-15,56,11,-18,53,-28,19,-2,5,25,-5,19,3,-37,-1,7,-16,-23,
2,2,-5,-26,-7,-25,2,8,19,-15,28,14,-26,-10,21,1,-15,-5,6,33,19,-8,-25,-17,-9,21,-35,8,25,12,-46,-15,
-8,6,-9,-2,12,-24,16,-35,-12,16,-10,23,17,2,-9,11,23,-34,22,-38,4,2,51,-31,-37,-17,8,-39,13,-8,-13,-23,
-4,-15,21,-56,-2,21,5,23,7,14,-24,-57,5,18,13,-5,18,34,-34,14,-11,-7,-76,30,3,-13,-3,6,14,-19,-4,8,
21,16,-11,-40,-23,28,0,7,7,0,32,4,-15,7,4,-32,4,-1,15,36,15,-20,-33,-36,-30,-1,3,-33,-9,25,2,-15,
16,-8,-15,1,18,36,31,-14,29,33,-34,5,-14,23,6,-5,16,-54,42,-23,0,-12,-17,-39,9,-23,8,-50,-4,-24,-34,-33,
0,24,22,-6,12,-45,7,-17,-57,15,1,-36,-14,-17,14,7,-10,-17,-36,5,10,22,-30,-34,-12,-1,-18,24,3,38,-18,-38,
-1,-24,-25,23,-2,25,4,-7,-15,9,-6,18,22,16,-21,-8,17,-31,9,-8,-23,-29,1,-28,-37,-18,24,10,26,5,23,21,
-2,19,17,-8,-19,7,-12,10,-10,13,9,20,32,22,8,-46,-1,-27,-2,43,4,-7,-47,-55,-28,-27,15,9,-4,16,3,-14,
-12,2,26,-14,6,-8,22,9,5,2,-13,-25,8,-12,8,12,14,23,-17,-38,22,18,-42,25,17,32,-5,12,-13,-10,-27,21,
-14,23,1,-28,-5,-2,-4,-10,-11,10,-4,-19,-15,-7,15,18,8,15,14,2,9,5,-38,22,-10,7,23,-7,21,-39,18,6,
40,-2,-5,2,6,1,-3,7,-8,8,10,15,-31,-10,-14,-13,0,-4,-19,-24,5,-17,-18,-2,5,16,12,-2,-3,-4,8,20,-11,11,9,-50,-12,-5,2,17,5,-11,-11,0,18,-9,-15,-16,-9,4,2,-18,-5,-19,2,-4,-37,-19,14,-24,15,1,-12,5,
-17,-1,4,-3,-4,7,-7,23,5,6,-29,-22,48,-4,-4,-16,-14,-7,21,23,-1,-30,3,3,6,-41,-11,3,-4,1,-10,-7,-24,-7,-1,13,2,29,-7,-27,1,-29,-44,-4,-15,-10,-41,-2,8,29,8,22,7,-27,1,-12,20,30,-6,-18,-13,7,17,5,
8,-2,3,10,-11,10,0,-17,-9,13,-29,8,2,3,8,-1,-7,-21,-5,3,-11,0,10,5,-7,28,0,5,6,-15,-8,2,-2,0,-9,-27,-18,2,-7,1,-5,8,0,-3,13,-4,14,-10,8,4,-10,15,-3,13,11,6,-11,-13,-14,-33,11,0,-1,-10,
31,7,-29,16,-14,-33,0,1,9,3,-6,8,-18,-40,-5,-4,-13,2,43,-4,-7,2,-27,7,8,-77,28,7,8,-4,-8,0,4,-7,-5,-39,10,14,-13,-6,16,-5,-9,-4,17,-19,-9,5,-9,2,-23,10,-19,-2,10,-4,-5,-26,-6,-26,2,-11,-20,2,
10,-11,-12,-13,-5,30,-6,-5,-14,-12,-28,29,31,6,-6,14,-22,-2,-27,3,-6,-45,2,-5,-28,-11,-26,-10,-15,-30,19,-6,0,-16,-2,-41,-16,-4,5,2,6,-11,-24,4,-11,-22,-2,-24,-4,2,6,-58,7,-5,16,14,-20,-14,1,8,15,13,4,-7,
-22,0,24,-20,11,-23,-9,9,-10,-13,-14,-5,-31,-12,-16,8,-11,-1,5,-20,9,-13,8,7,-10,24,-21,3,9,6,-13,-8,-21,5,6,2,-5,8,-2,8,-13,7,-7,-19,-17,6,-15,16,-11,8,5,16,7,-14,-6,12,13,10,-1,27,16,-6,-6,-20,
36,-3,9,-4,3,18,11,17,-19,8,-31,22,-4,2,-7,-7,18,-14,8,-9,2,-32,5,0,-14,-7,-18,1,10,-13,-13,1,-4,10,8,-26,9,-7,-8,6,13,-41,-9,24,-5,-9,0,0,-13,-1,-17,14,-5,8,6,5,12,5,4,-9,0,-7,-2,2,
-31,11,0,6,-3,-22,6,7,10,12,3,-14,-55,-4,8,16,-1,-10,-23,-10,9,29,-12,12,-12,1,20,11,-6,7,-12,-3,-13,-9,-16,-3,17,-2,-4,9,-5,-3,3,-19,3,1,4,6,-9,9,-12,5,-15,-14,6,-18,14,-3,-3,-3,13,5,16,4,
8,2,-2,-2,14,24,-14,4,-13,0,-10,1,-42,11,-9,13,-21,7,-1,-7,5,16,11,8,-10,-15,19,-6,5,-3,6,-27,8,-4,-7,-3,-12,8,-18,3,8,-4,11,8,-4,2,26,-11,2,-12,-6,-52,-4,20,-10,-8,11,2,9,1,-9,-7,-1,-7,
-48,-7,-20,-2,-10,-7,12,-12,-34,6,-8,-15,-11,-12,-2,0,-1,-2,-9,-37,7,-7,-8,9,-8,28,12,2,3,-12,-1,-9,-12,1,-16,-9,-6,11,6,-5,4,8,2,-8,7,-5,18,-5,-11,-4,-21,31,-8,10,-12,3,5,16,-12,-30,7,1,-10,-5,
24,-5,1,-4,-18,7,8,-21,-1,12,-28,7,-61,3,-16,19,-7,0,-4,-5,3,-41,-13,-11,-3,-56,24,-11,5,0,-9,-28,-10,-3,-13,-7,-13,-5,-6,17,-16,4,-16,-2,-13,2,-7,24,-7,-21,-32,5,-13,40,0,-20,0,3,4,6,13,18,-22,-19,
17,3,3,-10,12,-44,-7,-13,23,-13,23,-8,-11,19,7,16,-16,7,-8,7,19,17,-6,6,12,-5,40,-8,-11,-5,-6,-9,-11,3,-7,7,-7,-24,8,7,-7,24,0,-12,12,-8,-19,-5,7,-16,-3,-67,-4,-44,-14,-25,-10,-3,-1,16,4,1,17,3,
-25,1,10,-9,-16,21,3,-9,5,8,-24,11,-39,3,-14,0,8,10,26,-8,-16,25,-6,-15,-18,-62,36,-11,-3,-13,-4,-35,-13,12,0,3,-8,5,3,1,-12,4,7,5,9,4,17,14,8,13,-15,-21,6,19,2,5,-3,8,-1,21,8,3,-13,-4,
-25,5,-7,10,-7,34,0,-5,-11,3,-16,18,17,17,1,-3,4,-7,10,9,-4,-9,16,5,-9,-55,-8,-14,-9,5,9,-11,-10,-4,6,9,3,-1,-2,-25,-9,0,9,-25,-8,-4,-14,-19,14,-13,18,-12,6,15,-16,2,-1,1,1,-8,-4,-2,-6,10,
-20,20,-2,-7,-14,1,-3,-19,5,9,31,12,14,3,16,3,-4,5,-9,-2,-9,-41,-10,-21,-20,-40,-38,-1,15,6,-11,-10,-4,-10,6,-11,-1,-31,4,6,8,-24,-19,-12,-26,-12,4,-5,8,-29,-2,-40,6,-12,10,3,-3,-11,-13,7,7,-3,-11,10,
12,5,12,-9,8,-25,8,1,4,-5,-25,-2,-38,-7,-5,4,-22,-24,-18,0,2,-6,5,1,-19,13,-25,-3,-4,-8,-13,1,-16,-13,4,19,2,-21,4,22,-1,20,-5,-18,-18,17,-2,22,-3,-2,-15,15,-11,-14,3,-15,-10,-10,7,15,8,21,9,6,
-4,4,-24,8,3,-16,-3,12,0,-2,14,7,-13,-19,-1,12,-8,-6,18,8,-20,-19,-16,1,-1,-22,7,11,-2,14,7,-5,2,-11,9,3,10,0,-7,9,6,-23,-8,5,2,-9,1,-13,-9,-2,0,13,-3,-20,9,3,-11,-14,11,-4,5,-9,-1,-8,
26,12,-14,9,-4,15,-11,11,-7,12,-15,18,-77,10,-1,9,25,-15,-7,-13,0,24,-6,7,-15,-14,17,8,0,-11,10,28,-14,-17,14,9,6,19,14,9,2,-7,4,3,-9,-9,11,14,7,19,5,10,-15,-36,-12,7,-9,3,4,-13,-8,-13,-9,3,
-9,-4,7,-10,-16,-40,-8,8,1,-14,5,-1,-6,9,-4,-5,5,7,-5,-7,7,10,9,9,0,-39,6,-13,0,0,4,-1,-14,-2,1,-10,11,10,9,-10,0,14,-9,-25,0,-1,9,11,-11,-8,1,12,7,-1,3,-16,-2,14,16,-14,0,2,11,9,
19,-18,3,-7,-11,-13,9,-20,-3,-8,-14,-40,38,-19,7,6,-5,13,-20,0,-11,-40,13,13,-31,-45,-24,2,-11,-15,-20,-21,-10,-11,-8,-19,-24,-8,-1,13,16,-36,-4,-1,-13,-16,-28,-21,-13,13,-10,-54,1,10,9,3,-32,1,3,0,-13,4,7,-1,
-31,11,-8,-6,5,-29,-15,-12,7,-5,6,-14,-15,-31,0,14,22,14,-5,-4,-10,0,-9,-1,-9,11,-4,3,-10,16,0,-14,7,11,5,-8,12,-10,6,10,-9,4,4,10,-15,16,11,25,5,12,-2,-9,-11,7,-19,6,10,-19,4,18,7,-2,-15,-2,
-44,-1,-39,-17,-9,-34,10,2,2,-3,22,-2,5,-18,13,-5,-15,14,8,-8,0,-3,2,-21,-2,37,16,-2,-2,-30,-11,4,2,-1,-2,-12,-11,-24,-6,9,-2,10,-3,-2,-11,-16,-8,-14,5,-4,-6,-23,9,-21,-13,-18,-24,-4,-4,-11,-12,10,6,-9,
-4,7,5,5,-12,-4,6,18,3,-7,9,13,-28,-20,-6,-8,11,1,-24,-9,-11,-27,-15,-2,-12,28,2,5,-13,3,0,14,0,-14,11,-28,-13,-4,-8,5,10,0,-7,-2,17,4,-8,-3,0,-5,-4,23,-9,-23,9,12,9,-2,-2,-11,-2,-3,5,-5,
58,12,1,-21,-13,-54,-28,48,30,-2,-17,-22,-23,9,11,-19,-28,-15,3,13,-14,-7,17,50,-12,-37,1,-31,-7,5,3,34,-30,-6,3,-10,-24,6,2,-11,4,-15,-14,-25,-2,-6,-11,-15,-5,12,12,25,0,-27,5,-46,14,-12,6,-47,-7,-8,18,17,
24,-13,-10,14,1,18,1,-7,-5,-3,-14,-7,-13,-4,4,10,-14,-14,14,4,-5,7,5,-8,-7,-35,17,-2,0,-19,0,-7,4,-7,6,5,-5,1,-9,-16,11,0,8,8,-7,-17,6,-18,-11,5,-14,8,6,-16,-9,11,2,6,-7,-16,12,7,6,-9,
-18,-4,-25,-13,2,-72,-11,17,22,-7,24,-13,-21,29,9,3,-24,-4,3,0,6,-3,-11,-14,15,45,28,-13,10,-23,20,-12,-12,0,-19,-3,-3,-16,-22,5,-8,16,-37,-37,-6,1,-8,-17,-5,12,14,-7,-9,-46,8,-11,-12,-16,-16,-53,4,-9,0,12,
8,-8,-12,-1,-14,-24,1,20,7,-7,-22,4,-54,3,-10,7,0,0,-18,-11,-10,28,5,9,-4,-40,13,-1,-8,14,-17,1,-14,7,8,11,-3,16,-13,6,6,3,-1,-6,-16,11,17,24,-11,2,-6,22,-2,-10,10,1,22,-8,12,-7,-1,3,-12,-21,
-10,1,22,13,3,-52,11,-9,3,1,-24,7,22,1,3,3,-24,3,8,-4,-12,18,-12,15,-5,20,3,-3,-17,2,6,-8,-18,-17,-3,27,-10,20,7,13,-11,22,28,-17,3,5,25,3,-15,0,-5,-34,16,-37,-4,14,5,-6,-6,47,2,-8,-12,3,
-11,11,-11,-5,-2,-9,3,3,6,5,3,-22,-17,-8,-16,-4,3,-5,24,-2,6,16,15,-1,3,12,14,8,2,-1,-7,-12,1,9,10,11,14,10,-15,-3,-18,-12,12,-14,-7,7,12,-6,10,5,13,-22,1,13,-10,7,15,9,-15,0,8,2,-15,-9,
1,8,-14,5,0,5,9,-5,-24,-3,-5,1,68,7,2,11,-15,10,-3,5,-3,-17,4,4,-23,30,4,-12,-10,-4,-8,-18,10,12,-13,16,2,12,8,-11,-5,5,-13,5,-14,-4,-32,0,12,-1,10,30,-3,-15,-1,3,-24,11,-12,-6,-19,-8,-16,2,
-9,-13,0,0,3,-14,3,-14,14,-2,-33,3,76,-8,-10,-15,-5,-5,21,-18,-12,-36,20,11,-4,13,7,-2,-13,16,-10,-25,-14,0,-3,9,1,-4,6,1,-3,-9,-9,1,-14,3,-26,-14,5,8,16,51,12,-18,-4,-18,5,14,10,-13,-6,7,-6,-5,
-21,-17,-22,8,-4,-30,-5,6,-8,14,-15,-31,41,-4,-12,-15,-9,4,-35,-8,-22,-12,-13,7,-27,-61,40,-17,-3,-7,-7,-31,10,7,9,-81,7,8,5,-12,-2,-66,-10,14,-24,-14,10,-15,-17,0,-21,-28,-4,37,-13,21,-19,-30,0,-19,-34,-11,-6,4,
-30,34,-8,4,17,38,-9,-23,11,-45,16,-21,15,-38,15,-30,5,-18,43,26,-20,-21,-36,-108,7,18,54,-8,68,2,-19,-9,
-31,-54,-56,-16,-22,23,42,6,25,-4,8,-30,17,-14,40,53,-11,22,11,13,21,-53,31,75,-30,-11,-93,2,35,-2,-35,6,
4,6,39,-50,-18,-28,3,19,-6,18,-42,1,45,49,-21,-4,8,10,39,-90,-8,-6,39,-24,-7,-22,101,17,30,-19,9,6,
-7,7,-28,-25,10,33,5,-27,-3,0,-13,23,22,-23,-50,29,-19,22,16,-22,-34,42,-38,2,-28,40,56,-14,-40,-10,25,-97,
-25,15,-2,13,34,-46,2,-30,-39,11,-14,42,-24,5,29,-39,-22,-28,6,26,-27,29,43,-29,-50,34,-9,-20,-19,-14,3,4,
-25,-26,19,29,8,6,-19,-31,-5,37,-10,-26,12,27,-12,-5,-50,-39,-57,-26,-22,20,36,-31,-17,18,26,4,-26,-8,18,-32,
0,0,0,0,0,0,0,0,0,0,0,0,0,0,0,0,0,0,0,0,0,0,0,0,0,0,0,0,0,0,0,0,
0,0,0,0,0,0,0,0,0,0,0,0,0,0,0,0,0,0,0,0,0,0,0,0,0,0,0,0,0,0,0,0,
0,0,0,0,0,0,0,0,0,0,0,0,0,0,0,0,0,0,0,0,0,0,0,0,0,0,0,0,0,0,0,0,0,0,0,0,0,0,0,0,0,0,0,0,0,0,0,0,0,0,0,0,0,0,0,0,0,0,0,0,0,0,0,0,0,0,0,0,0,0,0,0,0,0,0,0,0,0,0,0,0,0,0,0,0,0,0,0,0,0,0,0,0,0,0,0,0,0,0,0,0,0,0,0,0,0,0,0,0,0,0,0,0,0,0,0,0,0,0,0,0,0,0,0,0,0,0,0,0,0,0,0,0,0,0,0,0,0,0,0,0,0,0,0,0,0,0,0,0,0,0,0,0,0,0,0,0,0,0,0,0,0,0,0,0,0,0,0,0,0,0,0,0,0,0,0,0,0,0,0,0,0,0,0,0,0,0,0,0,0,0,0,0,0,0,0,0,0,0,0,0,0,0,0,0,0,0,0,0,0,0,0,0,0,0,0,0,0,0,0,0,0,0,0,0,0,0,0,0,0,0,0,0,0,0,0,0,0,0,0,0,0,0,0,0,0,0,0,0,0,0,0,0,0,0,0,0,0,0,0,0,0,0,0,0,0,0,0,0,0,0,0,0,0,0,0,0,0,0,0,0,0,0,0,0,0,0,0,0,0,0,0,0,0,0,0,0,0,0,0,0,0,0,0,0,0,0,0,0,0,0,0,0,0,0,0,0,0,0,0,0,0,0,0,0,0,0,0,0,0,0,0,0,0,0,0,0,0,0,0,0,0,0,0,0,0,0,0,0,0,0,0,0,0,0,0,0,0,0,0,0,0,0,0,0,0,0,0,0,0,0,0,0,0,0,0,0,0,0,0,0,0,0,0,0,0,0,0,0,0,0,0,0,0,0,0,0,0,0,0,0,0,0,0,0,0,0,0,0,0,0,0,0,0,0,0,0,0,0,0,0,0,0,0,0,0,0,0,0,0,0,0,0,0,0,0,0,0,0,0,0,0,0,0,0,0,0,0,0,0,0,0,0,0,0,0,0,0,0,0,0,0,0,0,0,0,0,0,0,0,0,0,0,0,0,0,0,0,0,0,0,0,0,0,0,0,0,0,0,0,0,0,0,0,0,0,0,0,0,0,0,0,0,0,0,0,0,0,0,0,0,0,0,0,0,0,0,0,0,0,0,0,0,0,0,0,0,0,0,0,0,0,0,0,0,0,0,0,0,0,0,0,0,0,0,0,0,0,0,0,0,0,0,0,0,0,0,0,0,0,0,0,0,0,0,0,0,0,0,0,0,0,0,0,0,0,0,0,0,0,0,0,0,0,0,0,0,0,0,0,0,0,0,0,0,0,0,0,0,0,0,0,0,0,0,0,0,0,0,0,0,0,0,0,0,0,0,0,0,0,0,0,0,0,0,0,0,0,0,0,0,0,0,0,0,0,0,0,0,0,0,0,0,0,0,0,0,0,0,0,0,0,0,0,0,0,0,0,0,0,0,0,0,0,0,0,0,0,0,0,0,0,0,0,0,0,0,0,0,0,0,0,0,0,0,0,0,0,0,0,0,0,0,0,0,0,0,0,0,0,0,0,0,0,0,0,0,0,0,0,0,0,0,0,0,0,0,0,0,0,0,0,0,0,0,0,0,0,0,0,0,0,0,0,0,0,0,0,0,0,0,0,0,0,0,0,0,0,0,0,0,0,0,0,0,0,0,0,0,0,0,0,0,0,0,0,0,0,0,0,0,0,0,0,0,0,0,0,0,0,0,0,0,0,0,0,0,0,0,0,0,0,0,0,0,0,0,0,0,0,0,0,0,0,0,0,0,0,0,0,0,0,0,0,0,0,0,0,0,0,0,0,0,0,0,0,0,0,0,0,0,0,0,0,0,0,0,0,0,0,0,0,0,0,0,0,0,0,0,0,0,0,0,0,0,0,0,0,0,0,0,0,0,0,0,0,0,0,0,0,0,0,0,0,0,0,0,0,0,0,0,0,0,0,0,0,0,0,0,0,0,0,0,0,0,0,0,0,0,0,0,0,0,0,0,0,0,0,0,0,0,0,0,0,0,0,0,0,0,0,0,0,0,0,0,0,0,0,0,0,0,0,0,0,0,0,0,0,0,0,0,0,0,0,0,0,0,0,0,0,0,0,0,0,0,0,0,0,0,0,0,0,0,0,0,0,0,0,0,0,0,0,0,0,0,0,0,0,0,0,0,0,0,0,0,0,0,0,0,0,0,0,0,0,0,0,0,0,0,0,0,0,0,0,0,0,0,0,0,0,0,0,0,0,0,0,0,0,0,0,0,0,0,0,0,0,0,0,0,0,0,0,0,0,0,0,0,0,0,0,0,0,0,0,0,0,0,0,0,0,0,0,0,0,0,0,0,0,0,0,0,0,0,0,0,0,0,0,0,0,0,0,0,0,0,0,0,0,0,0,0,0,0,0,0,0,0,0,0,0,0,0,0,0,0,0,0,0,0,0,0,0,0,0,0,0,0,0,0,0,0,0,0,0,0,0,0,0,0,0,0,0,0,0,0,0,0,0,0,0,0,0,0,0,0,0,0,0,0,0,0,0,0,0,0,0,0,0,0,0,0,0,0,0,0,0,0,0,0,0,0,0,0,0,0,0,0,0,0,0,0,0,0,0,0,0,0,0,0,0,0,0,0,0,0,0,0,0,0,0,0,0,0,0,0,0,0,0,0,0,0,0,0,0,0,0,0,0,0,0,0,0,0,0,0,0,0,0,0,0,0,0,0,0,0,0,0,0,0,0,0,0,0,0,0,0,0,0,0,0,0,0,0,0,0,0,0,0,0,0,0,0,0,0,0,0,0,0,0,0,0,0,0,0,0,0,0,0,0,0,0,0,0,0,0,0,0,0,0,0,0,0,0,0,0,0,0,0,0,0,0,0,0,0,0,0,0,0,0,0,0,0,0,0,0,0,0,0,0,0,0,0,0,0,0,0,0,0,0,0,0,0,0,0,0,0,0,0,0,0,0,0,0,0,0,0,0,0,0,0,0,0,0,0,0,0,0,0,0,0,0,0,0,0,0,0,0,0,0,0,0,0,0,0,0,0,0,0,0,0,0,0,0,0,0,0,0,0,0,0,0,0,0,0,0,0,0,0,0,0,0,0,0,0,0,0,0,0,0,0,0,0,0,0,0,0,0,0,0,0,0,0,0,0,0,0,0,0,0,0,0,0,0,0,0,0,0,0,0,0,0,0,0,0,0,0,0,0,0,0,0,0,0,0,0,0,0,0,0,0,0,0,0,0,0,0,0,0,0,0,0,0,0,0,0,0,0,0,0,0,0,0,0,0,0,0,0,0,0,0,0,0,0,0,0,0,0,0,0,0,0,0,0,0,0,0,0,0,0,0,0,0,0,0,0,0,0,0,0,0,0,0,0,0,0,0,0,0,0,0,0,0,0,0,0,0,0,0,0,0,0,0,0,0,0,0,0,0,0,0,0,0,0,0,0,0,0,0,0,0,0,0,0,0,0,0,0,0,0,0,0,0,0,0,0,0,0,0,0,0,0,0,0,0,0,0,0,0,0,0,0,0,0,0,0,0,0,0,0,0,0,0,0,0,0,0,0,0,0,0,0,0,0,0,0,0,0,0,0,0,0,0,0,0,0,0,0,0,0,0,0,0,0,0,0,0,0,0,0,0,0,0,0,0,0,0,0,0,0,0,0,0,0,0,0,0,0,0,0,0,0,0,0,0,0,0,0,0,0,0,0,0,0,0,0,0,0,0,0,0,0,0,0,0,0,0,0,0,0,0,0,0,0,0,0,0,0,0,0,0,0,0,0,0,0,0,0,0,0,0,0,0,0,0,0,0,0,0,0,0,0,0,0,0,0,0,0,0,0,0,0,0,0,0,0,0,0,0,0,0,0,0,0,0,0,0,0,0,0,0,0,0,0,0,0,0,0,0,0,0,0,0,0,0,0,0,0,0,0,0,0,0,0,0,0,0,0,0,0,0,0,0,0,0,0,0,0,0,0,0,0,0,0,0,0,0,0,0,0,0,0,0,

};