signed char w1 [] = {
-6,15,-12,7,56,43,14,49,48,63,-42,2,-27,-6,-48,26,
-18,-32,-13,-8,7,34,-49,9,-28,-26,18,-18,39,3,53,46,
-8,-56,-26,-55,22,34,-26,-16,-35,21,26,21,26,44,18,-40,
-29,-9,20,-8,3,-29,-36,-1,-1,42,42,24,-2,48,-21,27,
-18,-33,35,6,9,-51,-72,-77,23,21,-33,18,35,3,-19,38,
34,32,21,6,16,-47,6,-4,24,-7,45,40,41,-5,-11,-4,
-18,-15,-44,-47,-62,-79,-18,1,-20,-9,-25,9,-3,-72,12,22,
6,25,-7,50,7,-3,-106,-87,33,-4,27,-16,-34,43,-22,42,
0,-40,28,27,59,58,-93,-58,40,-26,-20,29,-4,22,3,-72,
33,22,-6,21,11,12,-68,-67,-29,-13,32,26,-6,14,55,34,
-67,4,-52,7,68,15,15,26,-16,-53,-62,-17,21,29,-58,-8,
38,42,-3,24,10,-16,39,62,31,13,-51,3,-1,7,66,64,
25,24,0,-11,45,45,28,80,21,-19,7,-20,-30,-45,49,12,
-38,30,33,27,-9,-16,26,5,-66,-21,-40,18,38,-21,45,-23,
-9,-28,-2,-30,14,-22,-45,15,-15,28,37,5,-2,-5,-16,-54,
-33,-13,18,-37,16,43,-35,-62,-32,24,34,-12,7,28,37,38,
-27,39,-14,-58,21,-15,66,71,25,49,-42,-50,60,33,36,-19,
-7,28,32,-2,-71,-5,-46,-22,-3,15,26,-4,-2,-15,-2,-37,
1,-30,-33,7,-22,-21,-68,-38,-7,-50,41,18,25,30,33,23,
46,20,-7,-17,-30,-42,-45,-7,39,19,-7,-7,8,-53,-34,-53,
51,-28,-49,-49,-53,-28,64,33,-44,-46,-42,-46,-77,-52,72,52,
-33,-35,-32,-53,9,-22,-12,18,-18,-3,40,2,26,24,-2,34,
-12,33,19,29,37,30,56,10,17,51,-30,33,5,-7,-37,-48,
29,-6,17,33,-16,-26,7,-30,-43,-47,64,74,-56,-3,-17,-32,
16,-11,-20,-23,41,18,-56,-39,3,-21,18,10,-42,-12,50,-19,
-12,16,-5,-27,-12,25,-26,-48,-33,-23,33,7,68,18,16,-14,
11,-62,22,-5,-6,4,-40,-33,-17,-2,-33,23,52,-9,-51,18,
-44,-64,11,24,7,16,1,-12,1,-26,51,-7,-28,27,-29,-16,
5,27,42,-38,18,-2,29,-16,4,-2,41,8,-42,-13,-45,-37,
21,30,14,50,-29,-32,-11,23,49,49,-17,-54,21,32,-38,-26,
21,28,41,51,-24,-40,13,-16,8,28,2,-28,-2,-11,-41,16,
-29,-21,13,-34,60,66,25,24,55,74,12,-19,3,4,-33,-37,
0,0,0,0,0,0,0,0,0,0,0,0,0,0,0,0,0,0,0,0,0,0,0,0,0,0,0,0,0,0,0,0,0,0,0,0,0,0,0,0,0,0,0,0,0,0,0,0,0,0,0,0,0,0,0,0,0,0,0,0,0,0,0,0,0,0,0,0,0,0,0,0,0,0,0,0,0,0,0,0,0,0,0,0,0,0,0,0,0,0,0,0,0,0,0,0,0,0,0,0,0,0,0,0,0,0,0,0,0,0,0,0,0,0,0,0,0,0,0,0,0,0,0,0,0,0,0,0,0,0,0,0,0,0,0,0,0,0,0,0,0,0,0,0,0,0,0,0,0,0,0,0,0,0,0,0,0,0,0,0,0,0,0,0,0,0,0,0,0,0,0,0,0,0,0,0,0,0,0,0,0,0,0,0,0,0,0,0,0,0,0,0,0,0,0,0,0,0,0,0,0,0,0,0,0,0,0,0,0,0,0,0,0,0,0,0,0,0,0,0,0,0,0,0,0,0,0,0,0,0,0,0,0,0,0,0,0,0,0,0,0,0,0,0,0,0,0,0,0,0,0,0,0,0,0,0,0,0,0,0,0,0,0,0,0,0,0,0,0,0,0,0,0,0,0,0,0,0,0,0,0,0,0,0,0,0,0,0,0,0,0,0,0,0,0,0,0,0,0,0,0,0,0,0,0,0,0,0,0,0,0,0,0,0,0,0,0,0,0,0,0,0,0,0,0,0,0,0,0,0,0,0,0,0,0,0,0,0,0,0,0,0,0,0,0,0,0,0,0,0,0,0,0,0,0,0,0,0,0,0,0,0,0,0,0,0,0,0,0,0,0,0,0,0,0,0,0,0,0,0,0,0,0,0,0,0,0,0,0,0,0,0,0,0,0,0,0,0,0,0,0,0,0,0,0,0,0,0,0,0,0,0,0,0,0,0,0,0,0,0,0,0,0,0,0,0,0,0,0,0,0,0,0,0,0,0,0,0,0,0,0,0,0,0,0,0,0,0,0,0,0,0,0,0,0,0,0,0,0,0,0,0,0,0,0,0,0,0,0,0,0,0,0,0,0,0,0,0,0,0,0,0,0,0,0,0,0,0,0,0,0,0,0,0,0,0,0,0,0,0,0,0,0,0,0,0,0,0,0,0,0,0,0,0,0,0,0,0,0,0,0,0,0,0,0,0,0,0,0,0,0,0,0,0,0,0,0,0,0,0,0,0,0,0,0,0,0,0,0,0,0,0,0,0,0,0,0,0,0,0,0,0,0,0,0,0,0,0,0,0,0,0,0,0,0,0,0,0,0,0,0,0,0,0,0,0,0,0,0,0,0,0,0,0,0,0,0,0,0,0,0,0,0,0,0,0,0,0,0,0,0,0,0,0,0,0,0,0,0,0,0,0,0,0,0,0,0,0,0,0,0,0,0,0,0,0,0,0,0,0,0,0,0,0,0,0,0,0,0,0,0,0,0,0,0,0,0,0,0,0,0,0,0,0,0,0,0,0,0,0,0,0,0,0,0,0,0,0,0,0,0,0,0,0,0,0,0,0,0,0,0,0,0,0,0,0,0,0,0,0,0,0,0,0,0,0,0,0,0,0,0,0,0,0,0,0,0,0,0,0,0,0,0,0,0,0,0,0,0,0,0,0,0,0,0,0,0,0,0,0,0,0,0,0,0,0,0,0,0,0,0,0,0,0,0,0,0,0,0,0,0,0,0,0,0,0,0,0,0,0,0,0,0,0,0,0,0,0,0,0,0,0,0,0,0,0,0,0,0,0,0,0,0,0,0,0,0,0,0,0,0,0,0,0,0,0,0,0,0,0,0,0,0,0,0,0,0,0,0,0,0,0,0,0,0,0,0,0,0,0,0,0,0,0,0,0,0,0,0,0,0,0,0,0,0,0,0,0,0,0,0,0,0,0,0,0,0,0,0,0,0,0,0,0,0,0,0,0,0,0,0,0,0,0,0,0,0,0,0,0,0,0,0,0,0,0,0,0,0,0,0,0,0,0,0,0,0,0,0,0,0,0,0,0,0,0,0,0,0,0,0,0,0,0,0,0,0,0,0,0,0,0,0,0,0,0,0,0,0,0,0,0,0,0,0,0,0,0,0,0,0,0,0,0,0,0,0,0,0,0,0,0,0,0,0,0,0,0,0,0,0,0,0,0,0,0,0,0,0,0,0,0,0,0,0,0,0,0,0,0,0,0,0,0,0,0,0,0,0,0,0,0,0,0,0,0,0,0,0,0,0,0,0,0,0,0,0,0,0,0,0,0,0,0,0,0,0,0,0,0,0,0,0,0,0,0,0,0,0,0,0,0,0,0,0,0,0,0,0,0,0,0,0,0,0,0,0,0,0,0,0,0,0,0,0,0,0,0,0,0,0,0,0,0,0,0,0,0,0,0,0,0,0,0,0,0,0,0,0,0,0,0,0,0,0,0,0,0,0,0,0,0,0,0,0,0,0,0,0,0,0,0,0,0,0,0,0,0,0,0,0,0,0,0,0,0,0,0,0,0,0,0,0,0,0,0,0,0,0,0,0,0,0,0,0,0,0,0,0,0,0,0,0,0,0,0,0,0,0,0,0,0,0,0,0,0,0,0,0,0,0,0,0,0,0,0,0,0,0,0,0,0,0,0,0,0,0,0,0,0,0,0,0,0,0,0,0,0,0,0,0,0,0,0,0,0,0,0,0,0,0,0,0,0,0,0,0,0,0,0,0,0,0,0,0,0,0,0,0,0,0,0,0,0,0,0,0,0,0,0,0,0,0,0,0,0,0,0,0,0,0,0,0,0,0,0,0,0,0,0,0,0,0,0,0,0,0,0,0,0,0,0,0,0,0,0,0,0,0,0,0,0,0,0,0,0,0,0,0,0,0,0,0,0,0,0,0,0,0,0,0,0,0,0,0,0,0,0,0,0,0,0,0,0,0,0,0,0,0,0,0,0,0,0,0,0,0,0,0,0,0,0,0,0,0,0,0,0,0,0,0,0,0,0,0,0,0,0,0,0,0,0,0,0,0,0,0,0,0,0,0,0,0,0,0,0,0,0,0,0,0,0,0,0,0,0,0,0,0,0,0,0,0,0,0,0,0,0,0,0,0,0,0,0,0,0,0,0,0,0,0,0,0,0,0,0,0,0,0,0,0,0,0,0,0,0,0,0,0,0,0,0,0,0,0,0,0,0,0,0,0,0,0,0,0,0,0,0,0,0,0,0,0,0,0,0,0,0,0,0,0,0,0,0,0,0,0,0,0,0,0,0,0,0,0,0,0,0,0,0,0,0,0,0,0,0,0,0,0,0,0,0,0,0,0,0,0,0,0,0,0,0,0,0,0,0,0,0,0,0,0,0,0,0,0,0,0,0,0,0,0,0,0,0,0,0,0,0,0,0,0,0,0,0,0,0,0,0,0,0,0,0,0,0,0,0,0,0,0,0,0,0,0,0,0,0,
5,18,2,29,-25,-5,-37,-9,4,-4,-15,1,-19,6,-2,2,-58,42,-23,20,-49,-24,19,-25,-5,-21,2,-11,-20,16,-13,-18,
6,13,-39,-23,51,18,-20,-12,-58,-40,-7,-16,-2,1,4,-36,8,-95,-42,-6,25,-50,30,-17,-6,-24,3,18,-12,3,35,-43,
-2,-17,15,-49,-33,-7,-27,-4,8,-43,17,-10,-40,-1,24,-51,-6,-9,23,-8,-44,-22,18,26,25,43,13,-20,-22,10,4,-67,
8,-42,-9,-3,-13,-29,3,-33,0,-51,-12,-12,9,-19,-18,-54,39,-60,-24,-32,8,-35,21,8,-47,-6,-18,29,-14,23,-33,-30,
-8,-12,-6,-10,-12,-23,-7,-8,20,6,-15,-8,-4,-27,-1,-52,-22,-3,-6,-10,-62,-4,-12,-23,9,-32,-13,-52,2,3,-11,-39,
25,-6,15,-10,-20,-2,-6,-10,31,-2,-27,-24,19,-6,-10,20,29,-8,-27,-31,48,9,-9,-7,0,-31,-1,32,-5,-35,8,33,
-17,-14,11,-14,5,16,21,19,-4,-9,-34,-20,22,-6,1,-14,-13,6,-13,-6,26,13,-31,-15,5,-15,0,18,-7,3,19,14,
9,20,-25,-6,14,-36,38,-1,16,27,19,24,-2,23,15,-6,56,-11,5,13,-37,23,-29,4,-24,31,30,14,-27,-10,19,-13,
6,8,-32,5,-6,-15,-37,10,-43,-12,-2,8,-49,23,-3,70,14,5,1,-17,-49,-12,29,-46,-60,-26,0,33,-11,-40,-31,-13,
-7,-25,6,-12,-24,10,-2,-5,-26,10,-21,-8,32,-12,-3,64,1,-24,14,-25,41,2,-7,-8,25,-40,-28,-21,-16,-3,11,15,
-15,2,16,6,-41,14,-24,15,-31,-18,-16,-5,1,-9,-23,21,30,56,21,-3,12,33,6,-7,-7,-2,17,-19,21,9,-15,45,
-10,-5,20,15,-7,22,-8,4,4,23,-5,-8,-16,13,-34,42,-19,-10,-13,-17,-23,29,-20,-9,-26,-4,-20,-27,-17,25,3,-12,
19,17,-15,36,8,20,4,-21,-45,-10,-34,-6,23,1,-14,-91,-42,22,1,-27,10,-49,23,-30,-23,-11,-12,-27,1,1,-4,-62,
-14,-11,11,-27,10,20,20,4,3,8,-27,1,-19,-28,-16,-71,-26,-25,-27,-5,3,1,-34,-11,4,35,5,-9,-15,7,13,46,
-25,-7,-4,11,-41,7,1,-14,2,9,-10,7,-11,23,1,-26,4,-3,-16,13,11,-12,-38,-15,18,-4,14,13,-3,13,21,-17,
-6,-20,14,-4,-11,-15,-16,12,41,14,25,8,-22,24,9,-6,-33,-43,-8,33,-35,15,-19,3,21,8,26,-32,0,21,16,-20,
-14,-25,13,-3,-29,-15,13,24,18,21,15,-3,-13,-13,-6,-12,-2,24,-1,-17,-24,13,3,4,3,3,10,-2,0,3,-9,18,
-3,17,-16,28,-39,8,-34,-26,-23,4,9,18,-37,-47,-22,-50,-60,-4,-23,-30,-43,-3,31,-11,-4,-44,-26,-62,9,29,-4,-78,
-3,-3,-17,20,-26,0,-3,2,15,15,-23,-25,22,-38,-27,-28,-36,-16,-26,17,-3,-8,21,2,8,-37,-20,-36,17,-15,8,-49,
-25,-11,-9,23,-51,12,9,-6,-7,-12,-16,9,24,-21,-11,51,32,-2,-12,-41,45,29,-63,-5,1,-5,9,3,-14,22,20,28,
-29,31,-10,-13,-42,24,-15,10,8,1,34,-5,-12,28,25,-29,-10,50,-6,22,-67,35,-18,-15,34,0,2,-20,26,31,16,-8,
7,-26,-27,-20,32,-7,-23,-15,-56,11,-40,-13,13,19,-21,72,16,12,2,-101,-34,34,-5,14,-35,-41,-40,9,-5,-2,-17,15,
11,11,19,25,12,-18,24,-24,-18,10,-6,12,2,-4,10,0,25,17,-21,-18,-44,-24,32,-19,-54,-32,-6,30,4,25,-9,-12,
16,11,5,-28,-26,-41,10,-6,-9,6,2,-28,25,-16,-7,10,-18,-31,-29,11,46,-2,22,27,23,9,23,-5,-23,-15,-17,37,
-11,-25,-10,6,16,7,9,-21,-8,23,17,9,8,19,-18,-33,12,35,21,-17,-57,6,16,15,9,-17,0,1,21,-8,-15,-10,
-23,-14,-1,-11,6,26,-33,-19,-24,0,5,1,17,9,23,51,7,-7,-13,-32,64,16,-5,-4,3,-7,-9,-19,19,-17,-2,-9,
2,-21,-4,-15,28,-33,19,9,8,37,-13,19,-19,15,36,10,-1,16,-4,2,-58,-14,-26,-20,36,43,27,2,-3,9,-15,-16,
-26,-6,-36,-8,27,1,-16,23,-46,-44,3,22,-8,9,-16,47,2,39,3,-16,8,42,32,-11,-10,-17,-9,0,-15,12,-20,10,
7,21,0,-16,-22,9,-9,-20,17,-10,-47,22,-11,-28,-4,5,-37,-37,3,20,-4,-20,33,-7,11,28,-5,-23,21,-14,6,-48,
-21,-22,-31,6,1,23,1,-4,-5,6,-18,-19,-9,-5,22,17,23,30,24,10,-1,-13,9,7,-20,13,-12,24,-10,9,4,2,
15,-23,-5,11,17,3,-7,-8,-83,-12,-30,0,12,-3,-33,52,-9,-35,-32,-127,-22,7,29,-20,-60,-39,-88,19,7,-13,-29,18,
-20,-4,-22,16,21,27,-18,19,-27,-6,-60,8,17,8,-15,25,-65,-13,-34,34,-78,-26,10,31,-29,-42,8,23,-1,0,-22,29,
-24,20,-30,-13,15,-31,25,29,-49,-19,-3,-6,26,-14,-7,-77,45,7,19,36,10,29,-9,13,-30,13,11,18,-2,-10,14,26,
17,9,-3,-2,-9,-4,-23,24,31,-16,12,20,-15,-1,18,18,10,-7,19,-10,-25,-16,-9,-10,-11,-7,-10,-16,16,12,12,-3,
9,1,10,21,-35,-12,-14,15,-12,7,9,-25,14,16,18,-16,-40,5,10,-18,-32,-32,2,-11,-8,-27,-16,-10,20,16,-17,-44,
17,-14,-14,5,-5,-8,-7,14,-12,-3,-21,-20,-20,0,-23,-30,-42,20,2,14,-38,-6,17,16,-31,-29,1,-52,5,5,-7,-48,
2,-6,10,3,14,-14,21,-21,-49,6,4,12,-24,3,-7,-22,-16,-9,10,-62,-18,-61,-24,10,-20,22,-30,24,-14,18,17,-30,
-20,13,20,21,-24,-5,-9,-23,-12,26,16,15,5,-7,5,28,-16,62,23,-27,42,25,-20,18,-19,-5,11,28,2,26,-25,24,
3,19,-1,-12,1,2,-10,25,7,-6,-21,8,-27,24,28,54,12,-39,9,7,-38,-3,-8,-21,-24,13,16,41,7,-14,-4,28,
-5,-33,-20,9,-11,-34,-23,-41,-4,22,9,-5,9,-4,-20,-37,-31,4,-14,-24,-26,-44,16,-26,10,-10,-24,-24,11,20,1,-35,
17,-54,5,6,-37,-78,19,-27,-8,-34,-44,-39,-18,-18,-37,1,5,-2,-24,-14,-22,7,-17,-19,-39,-58,16,2,-8,15,-21,3,
-17,22,-25,-16,-13,6,-10,15,-9,12,7,8,16,-23,2,-28,29,-26,8,-30,-16,-29,-3,11,23,-13,9,-12,15,11,21,-49,
-4,-8,-19,31,-25,-15,-32,18,-22,1,-15,1,-5,-5,-27,40,-44,1,-11,-1,-81,27,10,1,-62,-11,-8,-18,-13,7,1,30,
-12,10,15,-28,-37,18,-11,19,-9,23,26,-17,-39,-4,2,51,7,25,-16,24,-18,-24,21,-17,-27,-7,24,-33,-19,9,-22,5,
-23,1,11,-4,32,-16,-4,-1,25,11,21,7,-21,26,-12,24,11,31,-22,7,-9,3,13,17,9,-36,1,14,17,-6,-6,6,
-17,14,-29,19,20,-15,-38,-25,-19,-23,-2,-4,8,-20,-7,7,1,-52,-10,-46,-21,-35,43,-9,-43,-42,-21,-25,28,-9,23,-12,
-8,-18,-31,-13,-8,-9,9,-24,3,6,-9,21,15,-5,2,-49,8,-33,-14,7,50,-9,21,-7,25,10,-15,9,-17,9,10,11,
-41,23,9,-4,-32,18,-54,-16,-28,16,21,3,-4,-8,6,-13,-5,51,2,18,-87,-11,14,-11,-29,-18,13,-29,9,26,-16,-78,
26,-11,11,6,8,24,-8,27,13,-11,-23,-13,8,-17,-3,54,-6,-31,0,4,10,-18,5,14,34,-20,-28,-34,-20,-5,-15,-1,
-1,-2,14,19,-12,-6,-15,-10,-17,12,-23,-2,26,-16,9,-19,-34,28,-10,37,19,7,-19,26,-17,-17,-6,-1,18,25,19,18,
19,5,5,-19,3,-41,-13,-10,31,16,16,-12,2,28,16,-20,17,4,-21,7,-30,-35,12,-13,4,14,6,-9,-12,-14,-7,-31,
-9,-3,-31,-26,-28,29,7,-5,10,8,-50,10,48,-11,-29,-13,-25,-50,-10,8,74,-13,15,31,14,12,-7,3,0,7,-21,-10,
3,-4,11,27,6,26,2,-20,-8,5,-2,-14,13,4,10,24,-35,23,-19,28,-55,16,29,-18,-55,-9,9,-11,17,-7,15,-21,
-6,-5,-9,20,-11,-18,-3,6,25,7,14,-3,-2,-19,-3,-33,8,-52,-8,24,34,-10,-19,24,17,1,12,-14,20,1,13,-5,
4,23,22,8,9,23,-8,-15,3,1,-8,8,-4,3,-7,-9,9,43,-24,-18,-35,-1,-14,-24,-43,-26,15,14,-8,8,-31,-6,
22,-18,-3,24,22,-19,16,0,-4,14,-23,2,-9,2,13,-15,-11,-23,8,6,-5,13,-17,10,21,9,16,-15,10,-22,23,-35,
-16,9,-20,27,2,-12,13,10,-2,-13,-28,-28,-2,-23,-22,39,-2,22,-23,16,20,29,21,0,-29,-15,15,6,-25,-23,-26,28,
-11,-9,-29,-8,-7,9,0,-22,-9,-19,33,-11,16,-33,-2,-2,40,48,26,-34,28,6,-29,6,-10,3,15,8,6,-6,-1,20,
-4,19,2,32,26,3,-9,-5,-21,-14,-14,-7,-11,-9,16,-22,-12,18,11,7,-50,16,14,8,-46,-20,10,27,14,-5,-13,-6,
6,12,13,-15,19,-5,-13,15,21,-34,-14,-25,-4,-19,-14,-43,-19,-19,-23,4,20,-34,21,-5,29,3,-34,-32,11,15,-3,-19,
3,25,-23,21,5,-4,-14,-23,-31,-27,-11,-1,-21,-35,-6,48,-42,-16,-21,-28,-7,3,38,15,-32,-38,-33,-9,32,-21,10,22,
12,-19,-27,-5,2,-17,12,-11,-39,8,13,13,10,2,-20,-13,36,15,7,-5,-22,-19,7,-9,-40,-13,13,4,-3,-3,0,18,
-19,-2,-49,-17,-30,35,-21,-44,20,21,-18,-41,-25,-19,-31,56,-32,-4,-20,-12,-46,7,38,-15,-21,-35,14,-44,3,-36,-27,-46,
-1,-11,-25,8,-2,8,-11,-16,-5,3,-4,10,16,-4,11,22,-32,-48,18,-25,-11,-9,-27,28,17,-12,-8,-18,-16,5,20,4,
-21,-4,21,4,0,-19,-8,13,-3,7,-14,15,-31,8,12,-5,7,8,13,4,8,-10,-2,-6,5,-9,31,8,-1,-5,10,4,-4,16,-12,1,10,10,-4,-8,24,1,8,-6,9,0,-11,-1,-6,27,-8,-1,-19,-8,-9,13,-1,14,1,19,0,16,94,-1,
-7,9,-7,-5,-11,2,-11,-3,-8,-13,8,-5,-14,-9,-11,25,-4,13,-6,2,5,14,10,-8,3,-15,0,1,11,-7,12,15,4,16,-3,-17,-8,0,-7,-7,21,-23,-2,-3,6,3,13,-4,-5,-13,6,19,-10,-21,8,14,5,13,11,3,2,-10,-67,-12,
0,9,25,-12,-4,-3,1,-22,-45,13,-1,-3,-4,-16,8,-16,20,6,0,16,10,-5,-17,10,-7,-19,42,-3,-5,-3,-5,-8,28,-16,0,-15,-10,-17,-9,-8,-6,9,-5,-3,11,-2,-2,-13,-19,-33,-6,-12,-14,-6,-1,-18,18,-1,4,13,-25,-3,92,16,
-2,24,-40,-9,6,-14,4,-1,-3,-1,-8,-1,-11,-20,-3,6,10,-6,8,-4,-5,-1,3,-11,-4,13,-7,-10,-5,-8,3,10,4,24,-5,-18,13,3,-4,-4,-29,14,0,11,6,13,-12,0,18,-39,-17,-5,-2,7,10,10,0,2,1,-1,15,13,-56,1,
-26,7,-58,1,13,-8,-27,20,-4,-29,-28,-3,-32,14,-6,-18,7,-3,-4,12,-29,16,-23,1,-20,0,29,-3,15,-10,-19,9,-11,-20,18,-31,17,2,-6,-23,-88,-10,-9,-2,-8,16,-26,10,1,-7,3,22,-5,-27,-14,11,-12,14,-45,35,-8,5,-14,-18,
-7,-13,20,-6,5,10,-4,-5,-8,-12,2,-11,1,-9,1,-1,13,3,-3,-2,-3,-4,-6,28,-13,2,-11,2,9,8,8,2,-19,-14,-16,1,-21,-7,4,6,-55,10,2,-2,5,5,2,-18,15,33,7,-27,9,-6,-14,11,-4,-9,-19,-6,13,4,62,-8,
18,-4,-5,8,-1,7,14,0,-18,-5,-3,-14,-5,16,11,-16,-17,7,-9,8,-1,-7,-8,-10,-3,-3,25,11,10,-10,-23,13,16,15,-17,14,-21,7,5,-4,-6,-24,-11,-13,-16,11,10,-5,-32,-36,-9,33,18,9,-4,3,5,-7,-17,-7,6,-5,21,0,
8,-20,14,2,-15,2,0,-14,22,2,15,1,-52,14,1,-9,-4,0,3,-4,4,-10,-16,9,10,10,-17,-5,-20,6,27,-6,5,42,-3,21,-13,-21,7,12,23,8,15,-21,16,8,5,-4,-28,-23,-15,-5,-11,11,-3,8,24,15,12,1,0,3,19,15,
-2,5,-7,11,8,-9,6,-2,-19,20,-5,5,6,19,1,-11,-9,-1,5,2,-19,-4,-6,2,3,4,0,-14,-2,0,-8,-10,1,-31,9,12,12,8,5,12,-13,-35,2,4,-11,2,-5,0,-10,1,0,-26,17,-10,7,-25,7,-11,13,-1,8,-3,-67,-1,
-21,-2,-4,-8,5,4,12,-16,-4,5,8,-13,7,8,1,3,-1,3,-16,-4,-9,7,-5,-15,1,14,14,-14,-18,-4,-4,-14,-15,-50,13,-6,17,-3,-1,8,-8,-14,-1,5,-5,11,4,4,1,3,8,-34,-6,-5,7,-10,-8,12,16,5,1,-6,69,-5,
-11,-6,8,23,11,-17,11,19,39,-11,-41,-5,-52,-11,-14,-36,-12,-4,2,-10,-1,-3,8,-25,-8,7,14,-17,19,0,-29,-15,-59,-43,-11,-32,5,-2,-9,-15,10,27,-15,-21,13,-7,-53,5,32,52,4,-32,2,-3,-10,9,1,-6,4,9,-18,12,88,-18,
-10,4,19,16,2,-11,9,5,28,-16,11,12,-24,19,-12,-7,6,-6,-15,7,0,0,-8,-17,-18,-8,26,-12,-18,-9,2,-3,11,31,-8,33,-16,27,3,19,-37,-15,-6,-9,-14,-7,22,-18,-4,-12,-13,29,6,7,-2,13,-3,10,4,-3,2,-2,-51,-5,
4,-10,-24,17,-3,-12,3,2,-13,22,8,-10,-12,5,5,-11,7,-13,10,-6,-9,-5,-8,-11,5,4,8,-7,-19,-12,10,14,-8,48,-9,9,2,5,8,6,-21,17,10,-2,-13,3,-5,-3,-21,-24,-1,-51,-14,-3,3,1,-7,0,1,11,-13,-10,32,11,
8,7,-45,-4,7,-9,-15,-11,6,-6,2,9,19,-33,12,-2,-10,6,9,-7,-4,-13,15,-70,-6,-8,-6,-6,13,3,16,7,-17,-16,5,-6,19,-19,-12,-26,-26,13,5,-1,-18,-15,-11,13,-3,-1,-10,-29,-6,-10,3,-2,-9,-3,-9,-6,15,-12,-80,-15,
6,2,-20,3,-7,-5,4,-12,14,-12,-1,-10,-20,-22,1,2,3,9,8,-12,22,13,14,-33,-3,-20,-4,-13,-6,2,14,-1,-12,30,-9,-11,8,22,2,-25,-17,-5,16,-12,10,-12,0,11,-31,-12,-11,27,3,-11,15,-5,14,4,-3,-7,19,-4,-44,-9,
1,11,12,-12,-8,-30,52,0,-48,-10,-1,1,-44,-3,-8,10,4,-9,3,1,13,1,-3,-66,-33,-15,20,-11,19,-2,2,18,-10,-11,-12,-20,-24,-3,15,-3,8,-13,-1,0,8,-14,4,-5,-9,47,5,33,-3,-12,-17,-20,-32,-7,-2,11,12,1,76,-7,
-4,-12,-16,0,10,3,12,-2,3,-8,-25,-11,3,-8,-8,-14,-11,-14,14,-9,1,-2,5,-51,12,-9,-41,-12,0,16,13,-10,-29,-36,3,0,16,-16,-18,1,-10,2,0,-5,-16,-6,-17,15,0,-2,-5,-65,-6,0,-4,-24,2,3,7,-6,19,-7,68,3,
2,-13,3,1,-13,7,-3,-13,27,-4,2,-7,-10,-13,-6,-3,9,3,-4,14,-4,13,3,16,15,-34,-11,3,-5,8,30,2,11,-14,-2,-11,14,-13,7,29,13,-9,-4,2,-10,-19,-8,12,-8,-9,8,-13,-3,-13,0,-2,15,15,14,-1,-3,7,95,3,
-19,-3,22,-5,-13,11,38,-20,31,-14,-1,-1,-6,-7,-3,0,2,0,-26,-2,9,13,0,52,15,-19,-14,-23,-15,-8,17,-21,9,68,7,7,-9,-9,-9,23,-28,7,14,9,9,-10,17,9,1,7,13,1,-1,-13,9,-29,-8,16,5,-6,18,-16,95,29,
-14,7,31,5,8,-34,15,4,1,-4,-3,-14,-36,1,10,-13,-12,-7,-19,-12,21,8,8,8,11,-15,23,-9,-35,2,8,4,-6,-69,-8,4,19,-5,-19,23,52,-25,-9,-1,0,-20,10,5,-77,-25,11,-29,-19,5,24,4,16,5,-5,8,-3,6,-97,12,
-2,-15,4,-7,-2,13,-4,-17,-26,11,21,12,-24,0,0,-4,18,-13,-4,-5,3,-11,-5,11,13,-2,-14,10,-1,-13,5,0,4,-6,8,7,-14,2,-2,-14,8,11,2,9,10,4,-16,6,-25,-4,-8,-13,5,-15,8,-16,9,-7,-8,8,-14,-9,64,1,
-1,12,25,2,0,-1,5,-4,-6,-18,-3,2,-27,-5,11,0,1,-16,16,-13,-1,-1,-14,-4,-6,-4,-20,-13,6,-3,-5,11,-4,-19,-7,3,4,-8,9,8,1,9,9,-2,-13,-14,-3,10,13,47,9,-3,-11,-11,-6,0,7,-13,10,6,-6,0,88,1,
2,3,11,3,3,12,1,-15,5,-2,-4,-10,-5,-14,1,-21,3,2,11,13,-8,5,-17,16,-7,-15,-22,3,17,10,-1,6,-7,-30,13,-22,3,2,-16,14,-32,8,-6,15,-7,5,15,-11,-2,13,3,7,-2,1,-16,3,9,-7,-11,-1,-5,-16,84,7,
-12,-15,-37,-14,1,12,-27,1,31,-13,2,7,-23,19,11,-9,-15,-7,-8,-2,2,2,4,12,-18,-16,-7,6,4,-14,10,-7,8,29,-11,12,6,7,11,-11,-69,13,9,-10,7,11,-20,-6,-3,-9,6,13,7,-4,-4,-17,7,13,-8,12,8,11,11,-8,
-27,7,-37,2,-10,1,-23,-7,-25,-24,1,-17,-2,-13,-3,18,-8,-12,4,-15,-7,11,2,-19,8,2,9,1,9,-20,-6,7,12,17,11,-15,9,6,11,-3,-29,2,-1,3,8,-4,7,1,24,-3,4,25,5,-20,-8,-13,4,-9,-9,17,5,0,-50,-16,
-32,1,-21,-5,-3,-6,-10,3,4,-9,-3,-3,-1,-20,8,-3,12,10,-7,13,0,17,15,-6,6,-18,3,-14,2,2,5,-12,12,-36,4,-28,0,-9,12,-12,-8,4,-6,-3,3,-8,-27,5,8,10,-8,7,6,1,11,-3,0,-8,4,0,19,-6,55,9,
-14,29,-25,-14,-8,1,-12,15,-76,-29,-15,-4,-60,-5,13,22,17,14,21,-11,-8,-7,-6,-9,-12,10,-27,-1,6,-9,-22,-1,5,0,-4,-16,2,-8,-13,-9,-29,17,-11,3,5,-16,-5,-2,51,34,-10,-10,-19,7,-11,18,0,13,-1,-20,15,-7,46,16,
-11,13,-17,15,9,3,17,-9,-9,7,12,-9,-8,-4,9,-8,0,-13,5,-12,-5,-3,-16,5,-6,-9,15,-13,-23,2,2,2,-13,15,-12,2,-6,8,6,-14,-10,-10,0,30,-5,-14,-1,-11,-25,-67,-30,-62,-6,-16,-9,5,-7,12,-6,20,0,-4,-103,-1,
13,-21,-46,6,11,4,7,11,-1,-20,-23,-11,3,-22,-12,-20,-14,8,16,-8,5,-18,-9,-50,3,23,-23,13,10,15,-16,-14,-32,-30,-15,11,-17,-44,-4,-1,-1,-12,16,-17,-35,-20,-9,-11,8,14,-1,-29,17,-8,9,3,8,5,-17,-1,-3,6,42,11,
9,-5,-37,-6,-12,20,-13,-7,-21,10,17,19,-5,-34,-13,5,-10,-6,-24,-14,8,-21,6,-47,18,-4,-26,-13,-19,-4,19,-8,-18,0,10,-10,-19,-23,-10,-17,4,-1,-10,-2,-34,-7,-7,-13,15,-27,-13,-42,14,13,-11,7,-7,-2,-4,-7,0,-5,47,10,
-5,5,3,-10,4,2,-16,-3,12,-23,-13,13,10,5,-10,13,-13,-5,-15,12,-27,19,-5,2,-12,-39,-35,-18,-4,-10,28,-14,-7,-24,13,10,3,8,12,27,-27,1,3,4,13,5,4,-14,7,-4,16,16,3,-8,8,0,8,-3,1,2,13,-10,18,4,
27,-19,-27,25,-17,2,4,16,16,-12,5,-1,5,12,-7,-7,-10,-1,3,4,-13,13,-2,23,3,17,2,-6,14,2,-14,6,-6,53,-2,19,-8,-12,-8,-6,-25,-12,4,0,4,12,6,9,-1,-18,-14,-15,15,-15,-21,29,-13,3,-12,18,3,6,-79,1,
-17,15,-39,17,21,-1,-32,36,-20,30,-18,-31,-7,-11,-27,-63,19,-6,-29,34,-19,-19,34,-6,55,-5,79,31,-25,-32,54,-25,
-18,7,25,-18,36,16,-9,-3,-37,-10,-6,5,-43,16,31,53,39,28,-18,0,28,-4,7,9,41,-31,-4,-27,6,35,1,-51,
9,-16,-74,52,48,53,10,-8,20,-18,-84,-6,-41,-19,-1,-37,-13,-10,-17,-33,-25,-2,-15,9,11,49,18,-9,-30,31,75,7,
-17,6,-4,-3,39,28,-30,-7,-23,12,52,7,-28,-39,-45,42,50,-7,-6,-9,28,-45,29,-18,-13,-37,42,-42,-6,-29,36,41,
-27,11,22,18,-19,-20,-30,-9,44,-18,19,38,-5,6,42,16,50,20,18,-8,-27,21,28,11,5,13,3,-10,22,17,7,11,
42,-36,-20,-30,-65,34,30,11,-37,18,23,54,-46,42,-27,18,-28,6,-41,16,22,21,-26,-24,-40,5,1,27,42,-34,7,-9,
0,0,0,0,0,0,0,0,0,0,0,0,0,0,0,0,0,0,0,0,0,0,0,0,0,0,0,0,0,0,0,0,
0,0,0,0,0,0,0,0,0,0,0,0,0,0,0,0,0,0,0,0,0,0,0,0,0,0,0,0,0,0,0,0,
0,0,0,0,0,0,0,0,0,0,0,0,0,0,0,0,0,0,0,0,0,0,0,0,0,0,0,0,0,0,0,0,0,0,0,0,0,0,0,0,0,0,0,0,0,0,0,0,0,0,0,0,0,0,0,0,0,0,0,0,0,0,0,0,0,0,0,0,0,0,0,0,0,0,0,0,0,0,0,0,0,0,0,0,0,0,0,0,0,0,0,0,0,0,0,0,0,0,0,0,0,0,0,0,0,0,0,0,0,0,0,0,0,0,0,0,0,0,0,0,0,0,0,0,0,0,0,0,0,0,0,0,0,0,0,0,0,0,0,0,0,0,0,0,0,0,0,0,0,0,0,0,0,0,0,0,0,0,0,0,0,0,0,0,0,0,0,0,0,0,0,0,0,0,0,0,0,0,0,0,0,0,0,0,0,0,0,0,0,0,0,0,0,0,0,0,0,0,0,0,0,0,0,0,0,0,0,0,0,0,0,0,0,0,0,0,0,0,0,0,0,0,0,0,0,0,0,0,0,0,0,0,0,0,0,0,0,0,0,0,0,0,0,0,0,0,0,0,0,0,0,0,0,0,0,0,0,0,0,0,0,0,0,0,0,0,0,0,0,0,0,0,0,0,0,0,0,0,0,0,0,0,0,0,0,0,0,0,0,0,0,0,0,0,0,0,0,0,0,0,0,0,0,0,0,0,0,0,0,0,0,0,0,0,0,0,0,0,0,0,0,0,0,0,0,0,0,0,0,0,0,0,0,0,0,0,0,0,0,0,0,0,0,0,0,0,0,0,0,0,0,0,0,0,0,0,0,0,0,0,0,0,0,0,0,0,0,0,0,0,0,0,0,0,0,0,0,0,0,0,0,0,0,0,0,0,0,0,0,0,0,0,0,0,0,0,0,0,0,0,0,0,0,0,0,0,0,0,0,0,0,0,0,0,0,0,0,0,0,0,0,0,0,0,0,0,0,0,0,0,0,0,0,0,0,0,0,0,0,0,0,0,0,0,0,0,0,0,0,0,0,0,0,0,0,0,0,0,0,0,0,0,0,0,0,0,0,0,0,0,0,0,0,0,0,0,0,0,0,0,0,0,0,0,0,0,0,0,0,0,0,0,0,0,0,0,0,0,0,0,0,0,0,0,0,0,0,0,0,0,0,0,0,0,0,0,0,0,0,0,0,0,0,0,0,0,0,0,0,0,0,0,0,0,0,0,0,0,0,0,0,0,0,0,0,0,0,0,0,0,0,0,0,0,0,0,0,0,0,0,0,0,0,0,0,0,0,0,0,0,0,0,0,0,0,0,0,0,0,0,0,0,0,0,0,0,0,0,0,0,0,0,0,0,0,0,0,0,0,0,0,0,0,0,0,0,0,0,0,0,0,0,0,0,0,0,0,0,0,0,0,0,0,0,0,0,0,0,0,0,0,0,0,0,0,0,0,0,0,0,0,0,0,0,0,0,0,0,0,0,0,0,0,0,0,0,0,0,0,0,0,0,0,0,0,0,0,0,0,0,0,0,0,0,0,0,0,0,0,0,0,0,0,0,0,0,0,0,0,0,0,0,0,0,0,0,0,0,0,0,0,0,0,0,0,0,0,0,0,0,0,0,0,0,0,0,0,0,0,0,0,0,0,0,0,0,0,0,0,0,0,0,0,0,0,0,0,0,0,0,0,0,0,0,0,0,0,0,0,0,0,0,0,0,0,0,0,0,0,0,0,0,0,0,0,0,0,0,0,0,0,0,0,0,0,0,0,0,0,0,0,0,0,0,0,0,0,0,0,0,0,0,0,0,0,0,0,0,0,0,0,0,0,0,0,0,0,0,0,0,0,0,0,0,0,0,0,0,0,0,0,0,0,0,0,0,0,0,0,0,0,0,0,0,0,0,0,0,0,0,0,0,0,0,0,0,0,0,0,0,0,0,0,0,0,0,0,0,0,0,0,0,0,0,0,0,0,0,0,0,0,0,0,0,0,0,0,0,0,0,0,0,0,0,0,0,0,0,0,0,0,0,0,0,0,0,0,0,0,0,0,0,0,0,0,0,0,0,0,0,0,0,0,0,0,0,0,0,0,0,0,0,0,0,0,0,0,0,0,0,0,0,0,0,0,0,0,0,0,0,0,0,0,0,0,0,0,0,0,0,0,0,0,0,0,0,0,0,0,0,0,0,0,0,0,0,0,0,0,0,0,0,0,0,0,0,0,0,0,0,0,0,0,0,0,0,0,0,0,0,0,0,0,0,0,0,0,0,0,0,0,0,0,0,0,0,0,0,0,0,0,0,0,0,0,0,0,0,0,0,0,0,0,0,0,0,0,0,0,0,0,0,0,0,0,0,0,0,0,0,0,0,0,0,0,0,0,0,0,0,0,0,0,0,0,0,0,0,0,0,0,0,0,0,0,0,0,0,0,0,0,0,0,0,0,0,0,0,0,0,0,0,0,0,0,0,0,0,0,0,0,0,0,0,0,0,0,0,0,0,0,0,0,0,0,0,0,0,0,0,0,0,0,0,0,0,0,0,0,0,0,0,0,0,0,0,0,0,0,0,0,0,0,0,0,0,0,0,0,0,0,0,0,0,0,0,0,0,0,0,0,0,0,0,0,0,0,0,0,0,0,0,0,0,0,0,0,0,0,0,0,0,0,0,0,0,0,0,0,0,0,0,0,0,0,0,0,0,0,0,0,0,0,0,0,0,0,0,0,0,0,0,0,0,0,0,0,0,0,0,0,0,0,0,0,0,0,0,0,0,0,0,0,0,0,0,0,0,0,0,0,0,0,0,0,0,0,0,0,0,0,0,0,0,0,0,0,0,0,0,0,0,0,0,0,0,0,0,0,0,0,0,0,0,0,0,0,0,0,0,0,0,0,0,0,0,0,0,0,0,0,0,0,0,0,0,0,0,0,0,0,0,0,0,0,0,0,0,0,0,0,0,0,0,0,0,0,0,0,0,0,0,0,0,0,0,0,0,0,0,0,0,0,0,0,0,0,0,0,0,0,0,0,0,0,0,0,0,0,0,0,0,0,0,0,0,0,0,0,0,0,0,0,0,0,0,0,0,0,0,0,0,0,0,0,0,0,0,0,0,0,0,0,0,0,0,0,0,0,0,0,0,0,0,0,0,0,0,0,0,0,0,0,0,0,0,0,0,0,0,0,0,0,0,0,0,0,0,0,0,0,0,0,0,0,0,0,0,0,0,0,0,0,0,0,0,0,0,0,0,0,0,0,0,0,0,0,0,0,0,0,0,0,0,0,0,0,0,0,0,0,0,0,0,0,0,0,0,0,0,0,0,0,0,0,0,0,0,0,0,0,0,0,0,0,0,0,0,0,0,0,0,0,0,0,0,0,0,0,0,0,0,0,0,0,0,0,0,0,0,0,0,0,0,0,0,0,0,0,0,0,0,0,0,0,0,0,0,0,0,0,0,0,0,0,0,0,0,0,0,0,0,0,0,0,0,0,0,0,0,0,0,0,0,0,0,0,0,0,0,0,0,0,0,0,0,0,0,0,0,0,0,0,0,0,0,0,0,0,0,0,0,0,0,0,0,0,0,0,0,0,0,0,0,0,0,0,0,0,0,0,0,0,0,0,0,0,0,0,0,0,0,0,0,0,0,0,0,0,0,0,0,0,0,0,0,0,0,0,0,0,0,0,0,0,0,0,0,0,0,0,0,0,0,0,0,0,0,0,0,0,0,0,0,0,0,0,0,0,0,0,0,0,0,0,0,0,0,0,0,0,0,0,0,0,0,0,0,0,0,0,0,0,0,0,0,0,0,0,0,0,0,0,0,0,0,0,0,0,0,0,0,0,0,0,0,0,0,0,0,0,0,0,0,0,0,0,0,0,0,0,0,0,0,0,0,0,0,0,0,0,0,0,0,0,0,0,0,0,0,0,0,0,0,0,0,0,0,0,0,0,0,0,0,0,0,0,0,0,0,0,0,0,0,0,0,0,0,0,0,0,0,0,0,0,0,0,0,0,0,0,0,0,0,0,0,0,0,0,0,0,0,0,0,0,0,0,0,0,0,0,0,

};