signed char w3 [] = {
17,-44,-13,-31,-24,6,19,-22,13,22,-37,32,7,6,-71,-28,
37,40,-14,-42,-17,-13,49,56,-9,23,14,-47,12,22,29,30,
52,27,29,53,-23,-53,20,6,-27,20,46,42,-26,25,33,38,
3,-12,-24,31,16,3,-13,24,-17,0,27,27,4,-39,-44,-13,
-14,20,42,19,-16,29,-4,-41,15,30,35,-1,46,-22,-19,-71,
13,-14,13,0,-41,-5,-93,-88,15,54,-28,-36,-42,1,-3,12,
-40,30,5,24,50,52,17,17,-23,-63,-1,9,55,19,-22,-29,
28,-32,-31,-47,-41,26,62,44,-46,4,1,-56,33,3,18,9,
-32,11,0,-29,8,-36,23,-56,-32,-4,-39,-37,31,-4,16,9,
22,-15,59,2,29,15,-72,-28,-34,3,-21,15,14,30,59,60,
26,2,-5,-36,-22,0,2,5,-6,-47,19,3,-10,12,-45,-61,
24,-25,66,70,-17,34,9,41,-44,1,-8,-42,-77,-30,96,90,
30,-40,18,-9,8,2,-65,-64,-31,-48,-19,45,20,19,-2,-24,
3,-20,36,-19,37,-7,-39,-59,-30,22,-54,-32,28,-40,-1,5,
-38,-15,47,49,2,-8,-127,-123,20,6,0,35,2,42,-14,6,
33,-13,31,0,7,21,3,-20,-34,6,64,74,31,37,-92,-101,
15,-29,-52,-16,6,-20,-46,-32,-67,-48,41,-22,-39,2,-29,-53,
4,48,-64,-49,5,2,65,40,-72,-52,-30,-32,30,12,38,16,
-3,-25,40,29,4,25,9,29,14,-13,-31,-13,-7,-21,24,21,
38,-16,-53,-23,-14,-22,23,14,24,-5,-64,-2,-25,-71,52,38,
31,5,11,-46,-34,-29,-44,-9,-24,-95,-55,-83,-8,34,-37,-39,
58,55,-2,49,0,-12,-7,-24,-14,27,2,-23,4,42,46,-13,
-22,36,25,43,33,19,-41,-20,-25,-32,-53,-50,-8,4,34,46,
71,46,49,44,7,-5,-29,-67,-58,-6,46,-3,23,33,-10,-17,
-11,-25,-16,-16,-60,-9,-19,-17,0,-26,3,45,-83,-64,1,36,
13,23,-40,-57,-28,-12,32,67,-70,-71,19,8,11,27,8,46,
-18,18,-27,3,-7,41,4,39,-13,16,-40,-6,53,-17,-18,59,
-18,26,-24,-21,33,15,44,4,23,-16,-31,-63,46,36,1,31,
24,5,-61,-17,-4,-35,65,-7,-27,-27,21,16,14,15,-18,-31,
13,35,-51,-38,-16,14,34,29,41,16,27,-22,14,-41,29,48,
32,42,-21,-85,-13,-44,74,61,4,15,-83,-52,8,-11,21,-6,
23,66,69,55,9,5,-6,-78,-4,-30,-7,-39,12,40,-16,48,
0,0,0,0,0,0,0,0,0,0,0,0,0,0,0,0,0,0,0,0,0,0,0,0,0,0,0,0,0,0,0,0,0,0,0,0,0,0,0,0,0,0,0,0,0,0,0,0,0,0,0,0,0,0,0,0,0,0,0,0,0,0,0,0,0,0,0,0,0,0,0,0,0,0,0,0,0,0,0,0,0,0,0,0,0,0,0,0,0,0,0,0,0,0,0,0,0,0,0,0,0,0,0,0,0,0,0,0,0,0,0,0,0,0,0,0,0,0,0,0,0,0,0,0,0,0,0,0,0,0,0,0,0,0,0,0,0,0,0,0,0,0,0,0,0,0,0,0,0,0,0,0,0,0,0,0,0,0,0,0,0,0,0,0,0,0,0,0,0,0,0,0,0,0,0,0,0,0,0,0,0,0,0,0,0,0,0,0,0,0,0,0,0,0,0,0,0,0,0,0,0,0,0,0,0,0,0,0,0,0,0,0,0,0,0,0,0,0,0,0,0,0,0,0,0,0,0,0,0,0,0,0,0,0,0,0,0,0,0,0,0,0,0,0,0,0,0,0,0,0,0,0,0,0,0,0,0,0,0,0,0,0,0,0,0,0,0,0,0,0,0,0,0,0,0,0,0,0,0,0,0,0,0,0,0,0,0,0,0,0,0,0,0,0,0,0,0,0,0,0,0,0,0,0,0,0,0,0,0,0,0,0,0,0,0,0,0,0,0,0,0,0,0,0,0,0,0,0,0,0,0,0,0,0,0,0,0,0,0,0,0,0,0,0,0,0,0,0,0,0,0,0,0,0,0,0,0,0,0,0,0,0,0,0,0,0,0,0,0,0,0,0,0,0,0,0,0,0,0,0,0,0,0,0,0,0,0,0,0,0,0,0,0,0,0,0,0,0,0,0,0,0,0,0,0,0,0,0,0,0,0,0,0,0,0,0,0,0,0,0,0,0,0,0,0,0,0,0,0,0,0,0,0,0,0,0,0,0,0,0,0,0,0,0,0,0,0,0,0,0,0,0,0,0,0,0,0,0,0,0,0,0,0,0,0,0,0,0,0,0,0,0,0,0,0,0,0,0,0,0,0,0,0,0,0,0,0,0,0,0,0,0,0,0,0,0,0,0,0,0,0,0,0,0,0,0,0,0,0,0,0,0,0,0,0,0,0,0,0,0,0,0,0,0,0,0,0,0,0,0,0,0,0,0,0,0,0,0,0,0,0,0,0,0,0,0,0,0,0,0,0,0,0,0,0,0,0,0,0,0,0,0,0,0,0,0,0,0,0,0,0,0,0,0,0,0,0,0,0,0,0,0,0,0,0,0,0,0,0,0,0,0,0,0,0,0,0,0,0,0,0,0,0,0,0,0,0,0,0,0,0,0,0,0,0,0,0,0,0,0,0,0,0,0,0,0,0,0,0,0,0,0,0,0,0,0,0,0,0,0,0,0,0,0,0,0,0,0,0,0,0,0,0,0,0,0,0,0,0,0,0,0,0,0,0,0,0,0,0,0,0,0,0,0,0,0,0,0,0,0,0,0,0,0,0,0,0,0,0,0,0,0,0,0,0,0,0,0,0,0,0,0,0,0,0,0,0,0,0,0,0,0,0,0,0,0,0,0,0,0,0,0,0,0,0,0,0,0,0,0,0,0,0,0,0,0,0,0,0,0,0,0,0,0,0,0,0,0,0,0,0,0,0,0,0,0,0,0,0,0,0,0,0,0,0,0,0,0,0,0,0,0,0,0,0,0,0,0,0,0,0,0,0,0,0,0,0,0,0,0,0,0,0,0,0,0,0,0,0,0,0,0,0,0,0,0,0,0,0,0,0,0,0,0,0,0,0,0,0,0,0,0,0,0,0,0,0,0,0,0,0,0,0,0,0,0,0,0,0,0,0,0,0,0,0,0,0,0,0,0,0,0,0,0,0,0,0,0,0,0,0,0,0,0,0,0,0,0,0,0,0,0,0,0,0,0,0,0,0,0,0,0,0,0,0,0,0,0,0,0,0,0,0,0,0,0,0,0,0,0,0,0,0,0,0,0,0,0,0,0,0,0,0,0,0,0,0,0,0,0,0,0,0,0,0,0,0,0,0,0,0,0,0,0,0,0,0,0,0,0,0,0,0,0,0,0,0,0,0,0,0,0,0,0,0,0,0,0,0,0,0,0,0,0,0,0,0,0,0,0,0,0,0,0,0,0,0,0,0,0,0,0,0,0,0,0,0,0,0,0,0,0,0,0,0,0,0,0,0,0,0,0,0,0,0,0,0,0,0,0,0,0,0,0,0,0,0,0,0,0,0,0,0,0,0,0,0,0,0,0,0,0,0,0,0,0,0,0,0,0,0,0,0,0,0,0,0,0,0,0,0,0,0,0,0,0,0,0,0,0,0,0,0,0,0,0,0,0,0,0,0,0,0,0,0,0,0,0,0,0,0,0,0,0,0,0,0,0,0,0,0,0,0,0,0,0,0,0,0,0,0,0,0,0,0,0,0,0,0,0,0,0,0,0,0,0,0,0,0,0,0,0,0,0,0,0,0,0,0,0,0,0,0,0,0,0,0,0,0,0,0,0,0,0,0,0,0,0,0,0,0,0,0,0,0,0,0,0,0,0,0,0,0,0,0,0,0,0,0,0,0,0,0,0,0,0,0,0,0,0,0,0,0,0,0,0,0,0,0,0,0,0,0,0,0,0,0,0,0,0,0,0,0,0,0,0,0,0,0,0,0,0,0,0,0,0,0,0,0,0,0,0,0,0,0,0,0,0,0,0,0,0,0,0,0,0,0,0,0,0,0,0,0,0,0,0,0,0,0,0,0,0,0,0,0,0,0,0,0,0,0,0,0,0,0,0,0,0,0,0,0,0,0,0,0,0,0,0,0,0,0,0,0,0,0,0,0,0,0,0,0,0,0,0,0,0,0,0,0,0,0,0,0,0,0,0,0,0,0,0,0,0,0,0,0,0,0,0,0,0,0,0,0,0,0,0,0,0,0,0,0,0,0,0,0,0,0,0,0,0,0,0,0,0,0,0,0,0,0,0,0,0,0,0,0,0,0,0,0,0,0,0,0,0,0,0,0,0,0,0,0,0,0,0,0,0,0,0,0,0,0,0,0,0,0,0,0,0,0,0,0,0,0,0,0,0,0,0,0,0,0,0,0,0,0,0,0,0,0,0,0,0,0,0,0,0,0,0,0,0,0,0,0,0,0,0,0,0,0,0,0,0,0,0,0,0,0,0,0,0,0,0,0,0,0,0,0,0,0,0,0,0,0,0,0,0,0,0,0,0,0,0,0,0,0,0,0,0,0,0,0,0,0,0,0,0,0,0,0,0,0,0,0,0,0,0,0,0,0,0,0,0,0,0,0,0,0,0,0,0,0,0,0,0,0,0,0,0,0,0,0,0,0,0,0,0,0,0,0,0,0,0,0,0,0,0,0,0,0,0,0,0,0,0,0,0,
14,20,-20,-13,11,-30,26,-10,-44,3,-6,19,-4,-16,21,-30,-8,45,30,-41,5,-50,3,3,20,15,14,-6,24,32,-1,-53,
-18,-33,-1,23,-25,-21,-27,-15,-14,6,-13,-13,-8,-13,-12,-6,-5,15,-8,16,-67,-10,14,16,-18,-8,5,-37,8,27,-11,-14,
-13,-9,-17,12,15,6,6,-13,28,26,-39,-4,-35,22,-18,56,-21,21,-23,-18,-23,18,6,-5,34,20,25,-21,-22,1,-23,47,
15,11,-6,9,2,13,-12,9,-11,-25,-25,27,29,-13,-11,-22,27,8,-29,-7,27,-35,9,-11,-27,-23,15,20,0,15,13,-14,
-25,6,4,22,-21,-2,-4,5,-23,10,-2,-24,12,9,-12,39,-42,15,18,-13,-3,-1,24,7,23,-50,-33,-30,11,-16,10,12,
-12,8,-32,24,-41,-32,-9,-18,20,-42,-37,-1,-17,-27,-35,-78,-52,-46,-1,45,-56,-30,-3,25,-25,-37,25,-20,27,17,10,-40,
-2,8,-10,-18,23,30,-5,3,-30,-16,-20,-6,-17,6,23,56,15,19,-3,-8,-16,4,14,-21,12,10,-9,19,-16,-25,17,15,
26,10,13,10,12,40,-14,-6,-23,10,-28,-13,-11,-20,18,67,-38,48,1,-2,3,-35,29,-31,23,23,9,7,-13,-9,-12,-40,
-27,-21,18,1,-19,32,6,3,25,18,-9,16,-18,-4,-3,-6,12,40,22,-3,-75,57,-19,27,11,1,8,-20,-14,-17,-13,22,
14,-1,10,2,-10,-14,0,-16,10,-9,4,-1,-3,-16,11,-6,-27,9,-15,2,25,8,20,1,-2,-13,5,-6,-7,18,-7,-40,
3,8,33,-26,-25,10,-37,-21,4,18,-13,0,-32,-9,24,3,-10,-17,29,-21,-80,20,17,18,24,-11,15,-29,10,-6,-14,15,
18,-21,-54,40,0,22,-1,-17,-11,-25,-105,2,3,-24,-8,-30,-46,-37,-21,46,2,-18,25,-7,-66,-4,-1,28,1,-24,3,11,
-21,-29,-36,14,26,-60,28,6,-16,11,-27,-6,21,16,-15,43,-36,-65,-12,23,21,16,-8,24,-9,16,18,23,-5,-37,2,24,
-5,-33,-27,7,8,-13,-14,-14,-51,7,-6,-24,3,-7,-30,40,-41,-6,-11,39,13,-31,-13,35,11,-32,1,-21,6,2,18,9,
9,-14,9,-17,40,-24,-21,-11,-36,-16,8,28,9,-1,18,-27,11,-8,11,13,-24,-7,-9,13,6,-1,-14,4,8,-13,28,-2,
-15,-3,-6,19,10,-23,14,-1,-25,-15,-9,-6,-32,1,19,65,12,0,-15,33,-42,12,-10,12,4,-9,-6,18,-11,2,-11,25,
-16,15,10,5,-12,-5,18,-4,16,11,-21,-9,0,-18,1,-22,21,-46,-2,7,44,6,-11,-15,-18,-19,18,0,-6,-19,0,-16,
-23,2,-12,-16,-40,-2,-20,18,24,-20,-5,1,-27,19,-23,17,-20,50,27,35,-26,16,-2,-10,-8,-14,6,5,14,-24,-23,25,
11,-6,-28,-3,41,5,-26,9,-4,-10,9,9,-31,26,12,71,41,-15,-2,-1,-28,-17,-9,-27,6,8,-15,34,-2,17,11,-2,
-5,-18,8,-22,-13,5,-18,10,-27,-18,-4,10,-7,-20,0,-30,24,-31,-22,1,15,-15,1,3,18,-1,22,29,-10,20,21,60,
24,16,2,-1,15,-29,5,-13,-46,-15,5,-9,11,-22,-2,33,-38,-8,25,-41,26,7,16,14,32,22,-45,17,-22,-24,-2,-11,
-27,-18,7,2,25,16,-1,18,16,43,6,-15,-27,-18,3,52,-33,77,-18,6,25,8,25,-64,-17,-2,23,-11,-3,-25,-30,-9,
2,6,-18,-4,10,31,-1,4,-34,18,9,-22,16,11,-22,24,19,35,7,-51,67,37,-33,3,21,-5,-19,29,-18,17,-12,34,
-5,-13,3,-8,11,-37,-25,-5,4,15,9,4,-10,-34,8,45,3,7,-17,27,-19,-37,-7,-9,25,-7,20,-20,6,15,9,-6,
20,-12,0,-18,-15,16,-19,22,-6,-5,-39,-15,6,-16,-12,-7,-52,-7,-24,28,24,-30,19,-29,16,-3,-7,-15,5,-25,12,-10,
10,-15,-7,12,24,-57,30,-1,-48,49,-38,-20,-53,19,34,76,-119,-51,-6,-51,-86,11,7,-21,56,21,-85,5,-6,-1,-14,-18,
19,-1,-14,15,15,4,-12,21,6,-19,0,11,-13,-15,10,-4,6,1,3,-13,-22,1,0,-15,-9,-19,11,-29,-9,-23,28,-3,
22,3,-3,33,-34,25,-9,13,6,-7,-15,0,-16,2,-19,-31,21,33,-8,0,-5,-9,-16,-7,-22,-2,-30,13,5,16,4,-45,
17,-10,-2,0,-31,31,-26,21,34,3,-23,-2,0,10,-2,3,10,-35,-6,-20,5,11,-3,-2,-17,-3,19,-8,11,13,-2,-33,
4,-10,14,3,-14,20,8,-16,-18,18,13,-4,32,-24,-1,-9,46,-4,-1,15,67,-18,-21,0,30,9,-32,4,-8,1,10,11,
16,-22,-36,-17,4,2,20,2,-35,-17,5,-8,-2,-12,0,19,28,-55,-18,-1,61,-6,2,23,26,22,3,7,-15,-4,15,40,
8,-23,-42,1,8,14,-17,-9,-23,6,-8,2,-3,-44,-31,-64,-45,-79,-3,-32,17,-68,41,3,11,-3,-51,-24,7,-15,33,-51,
-30,0,24,-14,20,11,10,-21,-11,7,21,-4,13,12,22,5,-39,50,27,12,-20,32,11,-12,-6,11,26,-2,8,29,-25,49,
-1,16,-4,4,-23,12,-19,-15,15,-16,9,9,16,-18,8,3,20,4,24,3,35,-9,-35,-24,11,33,-17,-21,10,8,12,-14,
0,-6,-4,10,-18,8,-5,24,-34,2,-86,-18,6,21,-25,26,-67,-21,-8,29,-41,3,16,-6,-11,-21,-9,34,-20,-18,-20,15,
24,-25,-2,12,19,-22,31,-24,-7,-13,-40,-10,44,-8,-25,-38,41,-47,-10,-5,77,-10,-35,1,-26,-21,-10,52,-4,-28,-17,65,
23,-11,15,-36,3,-37,19,23,-11,-10,42,20,14,-14,23,37,11,4,-31,29,22,-8,19,-3,-7,-20,2,18,27,-9,-16,39,
23,26,0,-10,-17,37,8,16,-20,13,-7,-13,-5,-24,17,-22,-42,55,4,6,39,-29,19,-29,-3,25,-4,-2,9,-4,14,-8,
3,-25,-37,-16,1,9,1,5,-16,-11,-43,12,21,7,-27,33,-10,-68,-33,-74,42,10,3,-11,-29,-35,-19,24,-2,-18,-13,33,
16,-8,10,4,25,-40,14,-22,34,32,-15,-3,-37,20,24,6,28,-1,16,-1,-25,-36,-26,18,-4,-10,6,-2,-25,13,-7,-23,
4,26,12,-25,-20,22,-3,-3,5,9,1,-18,-17,21,-30,6,-33,66,14,16,26,17,20,21,-6,-6,11,-42,-28,-10,-16,7,
24,-23,10,11,14,3,-18,-20,-7,-2,-4,-27,11,26,9,71,-34,-3,-19,-73,17,36,-11,-12,-25,-19,-43,48,-8,-23,-22,67,
1,-10,17,-23,-21,7,6,-6,-1,-14,-12,11,32,21,13,-1,1,-50,-5,-10,85,0,2,6,14,7,-34,7,14,-8,11,-1,
25,-4,5,0,17,34,-21,-14,-17,7,21,30,7,21,33,-22,1,-82,-12,-15,-49,-50,21,-28,2,21,-8,-52,10,-6,2,-44,
-17,15,18,-21,8,-3,9,-12,13,8,15,-12,39,-13,-2,-6,6,28,19,30,60,-17,-14,23,-11,37,1,-10,10,-21,1,12,
-9,-24,25,10,-3,-9,31,-10,-7,13,-16,-28,-7,15,-21,-29,-9,22,22,-16,39,27,-18,1,12,15,-9,45,-7,-23,-25,30,
-7,13,19,4,-35,13,5,-17,-10,17,15,-24,4,0,-30,36,-16,17,-4,10,0,-22,12,-10,13,-32,-11,-3,0,21,8,-19,
22,-13,35,9,33,-24,23,-3,10,-3,-1,-20,-24,26,-10,-31,-4,-5,13,-5,-16,-36,-19,-22,-14,-9,6,14,-15,-8,-7,-1,
-46,6,9,-53,-74,23,-27,-3,35,-12,-19,5,-47,-41,8,-22,-19,-35,-3,4,-62,-4,-5,-21,35,32,-11,-47,-9,-12,-12,-74,
-3,0,12,-8,31,27,23,13,-7,15,4,0,32,-21,0,-12,25,54,9,-2,94,-7,14,-18,37,22,6,37,-7,-28,14,31,
21,20,-9,-31,28,-46,18,16,-46,-32,8,8,15,-32,15,-10,40,-79,-40,10,-8,-37,43,3,-76,-18,3,1,-8,6,9,9,
-13,5,-16,-3,14,-67,25,-27,-64,58,46,18,23,9,15,-14,-35,6,40,3,43,-65,-45,19,65,18,-20,-22,-16,-13,-17,9,
21,13,11,-15,-38,6,6,-17,42,-5,-13,-14,7,-19,11,-30,16,-63,1,15,30,-26,-19,23,16,26,15,30,-18,-11,18,-12,
17,0,21,-1,-18,-6,-14,-9,2,3,8,11,-24,-7,-1,-25,9,38,11,-10,-10,-13,-13,-4,22,30,-12,-7,11,11,-15,-15,
-6,21,-10,-22,7,17,34,-29,-16,-19,4,-22,25,-16,-6,7,-15,49,21,4,66,3,-27,35,24,32,-15,-21,2,-20,-5,24,
2,17,10,-1,2,3,10,-14,12,30,-40,24,-30,4,-17,-40,-25,12,-4,20,-61,-18,26,5,-12,37,26,-17,5,-15,24,5,
-6,14,-13,13,-4,6,5,3,-17,16,20,1,-38,-21,-12,52,-26,37,9,-31,-44,20,-8,-9,3,0,-27,27,-10,2,-19,27,
-5,26,-14,10,8,-14,27,-20,-23,32,-4,21,-3,-16,-10,27,17,-34,19,-3,22,4,-30,24,23,36,19,8,14,-6,-20,-18,
-13,-8,-26,-20,14,11,22,-21,-1,40,-2,3,-34,27,1,-2,-57,-9,4,17,-62,-19,9,-15,19,28,-7,-27,17,5,16,-12,
20,-51,6,-3,-39,-39,3,-25,-20,-9,-15,-30,-3,-35,-43,3,54,-17,-35,-41,-27,-10,-5,-23,-47,-22,-9,29,-28,-11,-31,43,
-7,-11,9,16,14,-7,-14,17,18,-24,-19,-12,-7,2,-21,-18,-3,9,-6,19,-15,18,-15,-14,-2,4,14,-9,-1,-6,15,-9,
22,-4,-31,-5,15,-39,5,19,-17,16,20,-10,10,11,14,-12,41,3,-5,41,17,10,7,-19,-5,-14,35,19,-25,10,-12,1,
-18,13,3,-9,15,8,-15,9,-18,6,-23,-22,-12,19,-22,48,-6,34,3,-31,-57,29,4,-12,-13,-49,-7,23,-4,-6,14,0,
-27,-11,-20,20,-23,35,-9,-17,34,-16,-12,-23,5,19,-10,10,-5,-14,-2,-23,-1,0,-22,3,-6,24,-3,-23,13,1,12,10,
1,-4,19,9,6,12,14,8,9,-10,6,-2,2,-22,-16,-7,-14,-7,12,-6,-5,-11,2,-22,3,2,-4,-18,11,-12,13,3,-7,-17,8,18,3,-18,8,4,5,-7,6,6,-7,-3,0,-9,11,-1,-17,4,17,-10,3,-38,2,5,-10,-3,-9,-4,-2,12,
-19,2,-11,5,-4,-14,34,12,-53,-30,0,3,-36,-11,7,-30,-3,13,-3,-14,10,13,-7,28,-14,13,14,-26,-5,-9,-17,15,8,-73,-10,-21,-23,-20,-13,-2,-17,-14,-18,5,-15,9,10,9,27,-38,-12,-17,-34,24,-18,24,-20,-13,-27,-23,9,-4,-68,-19,
-14,16,-39,8,13,-1,6,-6,-10,-31,-16,-17,-9,3,10,6,4,-3,2,6,-11,2,13,-35,-12,3,3,-3,5,-2,14,-11,3,0,-4,2,17,8,9,6,1,-11,-2,9,-8,-11,2,-7,14,-3,13,42,0,-22,-4,4,-11,-17,7,1,-13,2,-59,-17,
-1,1,41,13,-2,-11,6,9,27,-9,20,-21,-14,-10,8,10,-16,11,-11,13,17,-20,16,-34,-11,-11,7,19,-8,-2,-22,10,1,48,-6,-4,-25,6,4,2,-27,-19,14,-4,15,-15,0,-12,-6,31,-18,26,4,-22,-11,-12,10,-4,11,-6,0,16,42,22,
-17,-4,24,1,13,-10,-10,0,-11,-2,2,5,-2,27,-4,6,4,9,4,2,-1,-22,6,-62,0,4,-5,3,-9,7,0,10,-5,-1,-10,8,-24,7,-13,-13,-11,-23,16,-13,12,0,-8,-14,-13,11,-11,6,-8,6,-18,-39,0,-16,-20,-5,3,5,20,-12,
-7,6,-15,19,13,-23,-14,-10,12,-27,-18,1,-34,1,10,-10,0,8,-11,-6,-31,5,5,5,-5,-11,35,-11,-6,5,8,-12,8,-11,9,-16,8,-14,10,22,27,-17,-4,-11,-6,2,-8,-13,-3,-4,13,-5,-16,-11,9,-1,3,-13,-2,25,-22,-8,2,7,
-6,-15,36,-23,10,7,3,-11,-32,-23,7,9,23,8,8,-3,5,2,5,-9,-8,-12,-12,-48,-7,9,9,10,15,-10,-29,-4,-3,-27,-4,13,-1,-6,-11,-11,-19,-24,-9,-3,-11,8,-2,-14,-2,21,4,18,-6,-3,-9,0,1,-11,-6,13,7,-3,-9,1,
-11,12,-21,-22,-10,16,-2,13,38,9,-10,-7,-20,-5,1,-1,-16,-8,8,-3,-3,-2,-11,13,1,10,-40,-10,4,-20,-4,15,11,17,2,-3,6,7,-15,12,25,16,-13,0,10,-8,-3,-2,-13,-9,-5,3,1,-4,-7,-4,3,6,1,-23,-4,-7,25,10,
-4,3,-18,-12,-5,2,-6,10,40,-12,0,5,-14,8,-15,-9,-13,1,-19,10,6,-8,10,-3,-12,-1,-17,-12,-5,1,7,5,9,28,1,11,-1,-2,-13,0,-8,7,2,2,3,13,-3,5,2,-15,5,25,10,-3,8,-9,0,-3,-1,-13,-6,-5,31,1,
-30,19,-15,1,-9,-11,-24,-8,-20,7,-4,-1,6,-13,-11,-8,-2,-3,-14,0,19,-6,-4,-10,2,-15,39,-15,13,-12,5,-21,2,40,-5,-11,20,15,2,-11,-52,10,11,6,-18,-11,-16,-3,-36,55,-7,-24,18,-11,12,9,3,12,-8,31,3,-18,44,-13,
3,26,30,-41,-9,-8,-10,6,-7,-11,-16,-12,21,-15,7,-2,-10,5,-13,4,-36,8,-4,-8,10,-3,5,-19,-18,-10,-2,-17,-22,3,17,-22,13,14,-11,-12,11,5,6,-27,11,-7,-14,-1,-5,-4,0,13,15,-14,19,-3,7,-20,3,-36,-11,16,-69,13,
7,-17,-11,10,-1,11,-1,5,33,-24,-2,9,-42,4,-2,8,-10,4,-15,13,-4,-7,-3,17,-5,-14,-58,-1,-6,-8,27,-5,1,-3,3,14,-4,3,11,15,8,-4,3,2,13,-20,6,-1,18,13,-8,-4,-19,-6,9,-9,6,8,0,-11,10,-4,-59,17,
-2,1,-19,-6,-5,-1,3,11,27,-18,14,0,-29,-1,-9,0,-13,-15,5,12,7,-12,8,-2,7,8,-9,-5,8,-2,-20,2,8,39,-5,-9,4,-1,-5,15,-1,21,-8,-4,3,13,3,6,-11,-10,5,21,14,-8,2,-5,10,4,7,-15,1,8,-8,-1,
-4,7,-22,-4,-9,7,15,-4,-25,4,-2,-19,-10,6,0,8,-5,-2,-8,-9,0,1,-16,7,-12,-1,-5,2,8,-8,-4,7,10,49,-10,17,-13,-7,-10,-4,-24,9,15,9,10,10,3,0,-2,-22,6,-51,11,-1,-7,11,-6,-17,-2,-2,1,-6,-39,-15,
0,1,-10,-4,4,12,-24,-18,-81,17,18,8,-25,7,3,10,6,-9,7,15,-12,3,-6,-8,-10,-13,-13,9,-24,-4,-1,1,27,-23,-3,12,-12,-23,5,-13,-4,-2,18,-16,-3,-20,-8,-12,-43,5,1,-18,8,-7,-10,-13,6,-1,5,-13,-21,15,94,6,
-7,13,-21,-21,-12,10,-10,-3,-9,-42,-26,-16,-20,20,-14,-2,-18,-8,4,12,-17,10,10,6,15,-7,13,1,-4,-6,-10,-6,13,-53,-6,-17,13,15,-16,-4,27,-11,-8,1,-4,-4,13,-4,-5,14,5,3,-25,0,2,-4,-3,8,-1,3,-22,-6,-46,0,
11,-9,-1,11,10,3,-16,-4,-35,-3,8,-8,-1,-25,5,9,10,-12,16,3,-4,2,-2,10,2,3,-9,-8,-9,11,-16,-9,12,-16,1,-13,6,-4,-5,-13,-12,-13,10,3,10,-17,3,-7,23,17,1,-20,-15,9,-17,8,-8,0,7,13,12,11,-19,8,
20,14,-6,-15,-8,7,-3,7,20,-10,6,-15,13,0,-9,-14,-7,0,25,2,-10,7,13,0,3,22,-9,-4,5,-5,-3,-1,-3,39,5,29,11,-18,10,5,-16,-7,-1,-12,-10,-7,13,11,10,-31,-10,-42,1,6,12,12,9,-11,11,-3,19,8,-89,-2,
8,22,-2,9,-3,10,-8,-9,-48,-9,11,3,-2,-22,13,14,8,3,7,-1,0,8,-15,18,-4,-10,-6,11,-16,11,-14,-1,2,42,-2,13,-5,3,-17,-19,-17,18,-12,-10,16,-8,6,-8,23,16,9,-30,-9,-13,11,-1,-4,11,8,7,-12,8,69,14,
-20,-26,40,1,-1,-4,45,7,-37,-7,-15,1,-60,-35,1,4,8,-8,17,1,1,-10,-15,-63,-8,-12,-4,9,4,15,-12,-10,-27,-14,-23,-14,0,-5,-1,4,-13,11,-11,-6,0,-16,-4,1,20,52,13,10,-10,-4,-12,-5,-27,14,-19,8,7,14,81,-12,
10,6,-23,-19,-4,5,8,4,-33,-10,3,8,-5,-19,-2,-12,-2,-10,-20,2,-4,-1,-12,20,6,2,-6,7,-12,-11,-11,-5,6,42,-7,0,-10,-8,2,-5,10,3,-3,-1,-2,10,7,-13,-20,2,11,2,-17,-17,14,-11,-2,-13,-11,-8,2,-13,-79,12,
-16,3,16,-6,7,12,-19,9,26,-1,15,-10,-29,-13,11,2,2,-1,-28,14,1,7,-7,2,8,-24,-3,-2,-3,0,0,18,3,-24,-4,2,17,8,3,-3,-62,8,14,16,24,-8,-47,-12,-18,-1,-12,-16,-19,-2,-2,-16,2,0,3,-3,-3,-13,92,-1,
3,-3,10,-5,5,-11,9,-1,-8,-6,-19,-21,-2,-11,4,-6,-20,12,-8,9,-15,9,1,-49,-14,-12,-2,-17,14,-5,-14,-7,-3,-21,9,9,11,-4,-9,-2,-8,-29,-4,-10,-14,-26,-16,4,4,-1,-7,-5,15,9,1,-8,11,-6,0,-8,11,3,-66,7,
-21,6,-17,-64,-1,37,32,-21,-3,-61,10,3,2,1,-17,34,-23,-10,33,-2,-72,7,-33,-10,6,0,-51,6,-26,-31,-20,-7,5,34,21,-15,-35,-35,-46,-15,-19,8,-11,-4,9,-2,29,-2,54,41,-1,-1,4,-20,-9,16,-7,-17,-13,-62,-18,-42,64,-5,
1,-6,-36,-7,1,-16,4,-11,-1,-22,0,-9,-36,2,-1,24,-1,0,5,-1,19,7,10,-9,3,-9,-6,-1,-7,-17,4,5,-1,38,-17,-6,10,11,-1,-15,-23,-7,-14,13,-3,4,-4,2,-9,-27,-13,7,-4,-5,7,3,0,2,-16,-8,24,8,-74,-3,
11,-23,-1,18,-9,2,-15,15,31,6,2,-6,-31,31,-15,2,-24,-17,-26,16,-44,14,-27,29,-13,-10,-18,-26,-16,0,7,0,-14,-64,5,14,-4,5,6,19,-69,-43,-2,9,0,-6,-16,8,42,14,-3,14,-6,-17,7,9,6,16,-23,17,13,3,-40,14,
6,8,-38,-22,-1,11,8,-11,28,-16,-7,-3,16,-17,-14,-6,13,-17,-9,-17,12,-10,5,19,-13,14,-21,5,-5,-6,-22,-9,-7,20,13,-2,16,17,5,-10,18,0,-5,9,9,6,-16,13,14,-26,-12,15,-8,-15,7,28,-1,9,-3,-11,-11,6,-86,-5,
-16,-18,-22,4,-2,-28,-2,18,-4,-5,-8,-18,-33,-3,-17,-19,-3,2,-20,-7,7,12,-8,-9,2,-8,-1,-14,-4,-2,0,6,-17,24,-16,1,19,-8,5,8,21,25,-2,14,-13,2,15,-2,-32,11,-12,-10,-11,6,15,-4,-7,-8,0,21,-14,-6,96,-7,
15,4,-24,11,-7,-23,6,8,33,0,10,3,-14,-2,12,-31,7,-13,-11,3,16,-14,-16,-10,-15,2,1,-3,9,4,8,-12,-7,34,14,-11,9,2,-9,0,-44,9,16,-3,-5,-9,4,9,-5,-25,8,-2,-8,-17,0,5,3,7,-14,-8,-9,-7,-73,8,
-21,-22,-14,7,7,-15,18,7,-10,13,-6,7,-35,6,-12,7,-13,-15,-7,8,2,-16,-20,3,6,5,-4,7,-14,-1,-4,0,-4,-18,4,1,-4,3,-8,18,17,5,-5,7,7,9,-6,-5,-11,-5,3,-1,-14,16,-13,-6,-5,6,2,-24,-8,14,94,0,
-12,-8,13,4,-2,-8,41,-7,-31,-15,8,1,-16,21,2,-5,8,10,-6,-8,1,2,-21,19,-14,1,4,7,-1,-7,-13,13,8,-34,-13,4,-13,18,-12,3,-48,6,-2,15,14,11,9,13,12,-10,-9,0,-21,16,-19,13,3,0,-14,-5,6,14,100,-15,
-18,15,28,-7,-7,-10,24,-3,18,-19,-6,-8,-41,-26,-9,-3,1,2,14,-15,16,-1,-17,-20,-17,5,10,6,11,17,-13,-4,-9,-20,-4,-41,-31,-16,10,-43,-9,2,0,-20,16,0,-31,2,18,83,-9,-6,-7,15,-10,-25,-20,2,0,-8,-4,12,86,7,
-31,35,6,21,-7,-51,32,24,-20,32,5,67,49,30,7,-80,7,-42,19,-61,-43,-9,38,-6,-18,-30,-59,-7,19,46,6,-2,
-6,24,-60,32,14,55,32,2,7,29,41,-38,5,29,-27,18,7,-41,8,-37,-6,34,-21,9,-18,-41,-77,-12,29,-2,3,-34,
-43,-30,7,10,20,-18,-22,-30,-28,20,-3,-31,-1,-3,5,20,19,-23,-15,21,33,30,-9,-25,-5,18,-6,43,-39,35,-7,-41,
-24,41,36,-35,4,27,-8,29,-2,-25,-44,36,11,-36,-52,8,1,28,-65,-17,-6,-56,-28,37,1,-36,-15,9,40,-15,-29,15,
-36,-3,-18,-50,-57,-2,9,31,-24,42,-34,4,15,-6,-7,8,-1,-5,22,39,-5,-31,26,-43,4,0,7,-18,-11,14,24,-13,
19,-14,-23,4,55,8,15,-3,-33,-6,45,-74,54,-1,-28,18,-43,19,-48,3,6,20,26,-28,19,17,7,-27,4,10,-68,-12,
0,0,0,0,0,0,0,0,0,0,0,0,0,0,0,0,0,0,0,0,0,0,0,0,0,0,0,0,0,0,0,0,
0,0,0,0,0,0,0,0,0,0,0,0,0,0,0,0,0,0,0,0,0,0,0,0,0,0,0,0,0,0,0,0,
0,0,0,0,0,0,0,0,0,0,0,0,0,0,0,0,0,0,0,0,0,0,0,0,0,0,0,0,0,0,0,0,0,0,0,0,0,0,0,0,0,0,0,0,0,0,0,0,0,0,0,0,0,0,0,0,0,0,0,0,0,0,0,0,0,0,0,0,0,0,0,0,0,0,0,0,0,0,0,0,0,0,0,0,0,0,0,0,0,0,0,0,0,0,0,0,0,0,0,0,0,0,0,0,0,0,0,0,0,0,0,0,0,0,0,0,0,0,0,0,0,0,0,0,0,0,0,0,0,0,0,0,0,0,0,0,0,0,0,0,0,0,0,0,0,0,0,0,0,0,0,0,0,0,0,0,0,0,0,0,0,0,0,0,0,0,0,0,0,0,0,0,0,0,0,0,0,0,0,0,0,0,0,0,0,0,0,0,0,0,0,0,0,0,0,0,0,0,0,0,0,0,0,0,0,0,0,0,0,0,0,0,0,0,0,0,0,0,0,0,0,0,0,0,0,0,0,0,0,0,0,0,0,0,0,0,0,0,0,0,0,0,0,0,0,0,0,0,0,0,0,0,0,0,0,0,0,0,0,0,0,0,0,0,0,0,0,0,0,0,0,0,0,0,0,0,0,0,0,0,0,0,0,0,0,0,0,0,0,0,0,0,0,0,0,0,0,0,0,0,0,0,0,0,0,0,0,0,0,0,0,0,0,0,0,0,0,0,0,0,0,0,0,0,0,0,0,0,0,0,0,0,0,0,0,0,0,0,0,0,0,0,0,0,0,0,0,0,0,0,0,0,0,0,0,0,0,0,0,0,0,0,0,0,0,0,0,0,0,0,0,0,0,0,0,0,0,0,0,0,0,0,0,0,0,0,0,0,0,0,0,0,0,0,0,0,0,0,0,0,0,0,0,0,0,0,0,0,0,0,0,0,0,0,0,0,0,0,0,0,0,0,0,0,0,0,0,0,0,0,0,0,0,0,0,0,0,0,0,0,0,0,0,0,0,0,0,0,0,0,0,0,0,0,0,0,0,0,0,0,0,0,0,0,0,0,0,0,0,0,0,0,0,0,0,0,0,0,0,0,0,0,0,0,0,0,0,0,0,0,0,0,0,0,0,0,0,0,0,0,0,0,0,0,0,0,0,0,0,0,0,0,0,0,0,0,0,0,0,0,0,0,0,0,0,0,0,0,0,0,0,0,0,0,0,0,0,0,0,0,0,0,0,0,0,0,0,0,0,0,0,0,0,0,0,0,0,0,0,0,0,0,0,0,0,0,0,0,0,0,0,0,0,0,0,0,0,0,0,0,0,0,0,0,0,0,0,0,0,0,0,0,0,0,0,0,0,0,0,0,0,0,0,0,0,0,0,0,0,0,0,0,0,0,0,0,0,0,0,0,0,0,0,0,0,0,0,0,0,0,0,0,0,0,0,0,0,0,0,0,0,0,0,0,0,0,0,0,0,0,0,0,0,0,0,0,0,0,0,0,0,0,0,0,0,0,0,0,0,0,0,0,0,0,0,0,0,0,0,0,0,0,0,0,0,0,0,0,0,0,0,0,0,0,0,0,0,0,0,0,0,0,0,0,0,0,0,0,0,0,0,0,0,0,0,0,0,0,0,0,0,0,0,0,0,0,0,0,0,0,0,0,0,0,0,0,0,0,0,0,0,0,0,0,0,0,0,0,0,0,0,0,0,0,0,0,0,0,0,0,0,0,0,0,0,0,0,0,0,0,0,0,0,0,0,0,0,0,0,0,0,0,0,0,0,0,0,0,0,0,0,0,0,0,0,0,0,0,0,0,0,0,0,0,0,0,0,0,0,0,0,0,0,0,0,0,0,0,0,0,0,0,0,0,0,0,0,0,0,0,0,0,0,0,0,0,0,0,0,0,0,0,0,0,0,0,0,0,0,0,0,0,0,0,0,0,0,0,0,0,0,0,0,0,0,0,0,0,0,0,0,0,0,0,0,0,0,0,0,0,0,0,0,0,0,0,0,0,0,0,0,0,0,0,0,0,0,0,0,0,0,0,0,0,0,0,0,0,0,0,0,0,0,0,0,0,0,0,0,0,0,0,0,0,0,0,0,0,0,0,0,0,0,0,0,0,0,0,0,0,0,0,0,0,0,0,0,0,0,0,0,0,0,0,0,0,0,0,0,0,0,0,0,0,0,0,0,0,0,0,0,0,0,0,0,0,0,0,0,0,0,0,0,0,0,0,0,0,0,0,0,0,0,0,0,0,0,0,0,0,0,0,0,0,0,0,0,0,0,0,0,0,0,0,0,0,0,0,0,0,0,0,0,0,0,0,0,0,0,0,0,0,0,0,0,0,0,0,0,0,0,0,0,0,0,0,0,0,0,0,0,0,0,0,0,0,0,0,0,0,0,0,0,0,0,0,0,0,0,0,0,0,0,0,0,0,0,0,0,0,0,0,0,0,0,0,0,0,0,0,0,0,0,0,0,0,0,0,0,0,0,0,0,0,0,0,0,0,0,0,0,0,0,0,0,0,0,0,0,0,0,0,0,0,0,0,0,0,0,0,0,0,0,0,0,0,0,0,0,0,0,0,0,0,0,0,0,0,0,0,0,0,0,0,0,0,0,0,0,0,0,0,0,0,0,0,0,0,0,0,0,0,0,0,0,0,0,0,0,0,0,0,0,0,0,0,0,0,0,0,0,0,0,0,0,0,0,0,0,0,0,0,0,0,0,0,0,0,0,0,0,0,0,0,0,0,0,0,0,0,0,0,0,0,0,0,0,0,0,0,0,0,0,0,0,0,0,0,0,0,0,0,0,0,0,0,0,0,0,0,0,0,0,0,0,0,0,0,0,0,0,0,0,0,0,0,0,0,0,0,0,0,0,0,0,0,0,0,0,0,0,0,0,0,0,0,0,0,0,0,0,0,0,0,0,0,0,0,0,0,0,0,0,0,0,0,0,0,0,0,0,0,0,0,0,0,0,0,0,0,0,0,0,0,0,0,0,0,0,0,0,0,0,0,0,0,0,0,0,0,0,0,0,0,0,0,0,0,0,0,0,0,0,0,0,0,0,0,0,0,0,0,0,0,0,0,0,0,0,0,0,0,0,0,0,0,0,0,0,0,0,0,0,0,0,0,0,0,0,0,0,0,0,0,0,0,0,0,0,0,0,0,0,0,0,0,0,0,0,0,0,0,0,0,0,0,0,0,0,0,0,0,0,0,0,0,0,0,0,0,0,0,0,0,0,0,0,0,0,0,0,0,0,0,0,0,0,0,0,0,0,0,0,0,0,0,0,0,0,0,0,0,0,0,0,0,0,0,0,0,0,0,0,0,0,0,0,0,0,0,0,0,0,0,0,0,0,0,0,0,0,0,0,0,0,0,0,0,0,0,0,0,0,0,0,0,0,0,0,0,0,0,0,0,0,0,0,0,0,0,0,0,0,0,0,0,0,0,0,0,0,0,0,0,0,0,0,0,0,0,0,0,0,0,0,0,0,0,0,0,0,0,0,0,0,0,0,0,0,0,0,0,0,0,0,0,0,0,0,0,0,0,0,0,0,0,0,0,0,0,0,0,0,0,0,0,0,0,0,0,0,0,0,0,0,0,0,0,0,0,0,0,0,0,0,0,0,0,0,0,0,0,0,0,0,0,0,0,0,0,0,0,0,0,0,0,0,0,0,0,0,0,0,0,0,0,0,0,0,0,0,0,0,0,0,0,0,0,0,0,0,0,0,0,0,0,0,0,0,0,0,0,0,0,0,0,0,0,0,0,0,0,0,0,0,0,0,0,0,0,0,0,0,0,0,0,0,0,0,0,0,0,0,0,0,0,0,0,0,0,0,0,0,0,0,0,0,0,0,0,0,0,0,0,0,0,0,0,0,0,0,0,0,0,0,0,0,0,0,0,0,0,0,0,0,0,0,0,0,0,0,0,0,0,0,0,0,0,0,0,0,0,0,0,0,0,0,0,0,0,0,0,0,0,0,0,0,0,0,0,0,0,0,0,0,0,0,0,0,0,0,0,0,0,0,0,0,0,0,0,0,0,

};