signed char w2 [] = {
-33,-5,-26,-11,12,-19,35,22,-21,-14,10,22,52,-11,-4,-21,
11,-57,-2,-40,26,-23,18,1,-29,38,44,65,-8,-64,16,54,
32,-29,-40,17,-25,38,-37,-22,14,7,29,45,-56,5,-51,-57,
-20,3,18,40,-15,21,-39,-3,-13,-35,65,30,-48,-38,-16,53,
-63,-8,14,62,-35,-40,27,52,-9,-18,12,44,16,-48,-18,28,
1,55,-20,-29,41,-22,-34,-43,-48,20,-36,-11,-36,-26,-57,-52,
-1,-62,-26,8,-53,-25,49,18,25,25,22,10,48,-5,48,26,
-43,-63,12,-16,24,-27,-27,31,5,26,79,76,-54,-8,39,2,
5,14,-23,-55,51,13,-26,-55,46,45,-26,-38,-48,-26,-81,-35,
-45,0,0,5,2,-35,-7,9,-33,31,71,57,-87,-93,4,-26,
30,53,-15,-3,27,48,-26,-24,-10,-20,21,40,30,89,8,-50,
36,16,-25,12,-40,-54,-42,-52,12,-25,-30,-71,-41,2,25,74,
28,-41,6,-9,-17,-42,-9,-6,-4,-33,1,-44,48,47,-43,-42,
-22,-19,49,31,70,53,45,27,-47,26,-41,-31,-22,10,-59,-50,
-30,-4,-16,-11,-28,33,22,31,22,21,50,-27,-14,51,-33,-23,
-31,-43,-47,-38,-31,-15,-2,37,32,-30,61,82,11,-21,48,56,
-41,-48,1,-26,58,-3,-17,-4,-14,-15,-2,-39,63,50,23,7,
-6,-44,-40,-51,-36,-21,4,35,53,48,54,0,-74,-49,-47,-15,
14,22,-50,-76,-19,11,-17,41,39,-16,25,-22,13,-14,-23,10,
16,-18,22,-22,-24,-13,-38,-32,54,40,-63,-7,1,-12,19,-26,
-23,-4,-25,-36,-82,-61,-9,-15,8,9,-21,-34,101,81,10,8,
-29,16,18,-13,-31,-19,20,8,15,26,25,-18,0,-65,-44,-4,
54,-4,101,86,24,26,-31,-6,-36,5,56,5,-20,53,17,45,
-14,-26,-20,9,-19,4,-26,-36,2,-53,-30,-39,46,-30,-68,-29,
3,19,-4,-79,-65,-61,12,-35,61,31,37,21,43,7,4,-56,
17,-11,-48,-4,51,56,-30,-37,-35,8,9,54,-10,-11,-4,-26,
34,26,55,67,38,49,-41,-37,43,-16,21,-44,-4,7,-73,-96,
-25,26,17,52,57,41,-23,16,-20,40,-8,-6,26,-18,-71,-37,
48,0,29,-3,11,-27,13,11,-12,-24,-22,-22,24,-26,-24,15,
-18,-35,39,20,-18,9,-5,12,42,45,-22,36,22,-5,3,-26,
43,15,12,-9,-26,-17,6,6,19,35,-3,-67,66,74,-71,-73,
42,-20,42,0,-31,24,-29,-29,-20,11,-24,29,32,53,20,-9,
0,0,0,0,0,0,0,0,0,0,0,0,0,0,0,0,0,0,0,0,0,0,0,0,0,0,0,0,0,0,0,0,0,0,0,0,0,0,0,0,0,0,0,0,0,0,0,0,0,0,0,0,0,0,0,0,0,0,0,0,0,0,0,0,0,0,0,0,0,0,0,0,0,0,0,0,0,0,0,0,0,0,0,0,0,0,0,0,0,0,0,0,0,0,0,0,0,0,0,0,0,0,0,0,0,0,0,0,0,0,0,0,0,0,0,0,0,0,0,0,0,0,0,0,0,0,0,0,0,0,0,0,0,0,0,0,0,0,0,0,0,0,0,0,0,0,0,0,0,0,0,0,0,0,0,0,0,0,0,0,0,0,0,0,0,0,0,0,0,0,0,0,0,0,0,0,0,0,0,0,0,0,0,0,0,0,0,0,0,0,0,0,0,0,0,0,0,0,0,0,0,0,0,0,0,0,0,0,0,0,0,0,0,0,0,0,0,0,0,0,0,0,0,0,0,0,0,0,0,0,0,0,0,0,0,0,0,0,0,0,0,0,0,0,0,0,0,0,0,0,0,0,0,0,0,0,0,0,0,0,0,0,0,0,0,0,0,0,0,0,0,0,0,0,0,0,0,0,0,0,0,0,0,0,0,0,0,0,0,0,0,0,0,0,0,0,0,0,0,0,0,0,0,0,0,0,0,0,0,0,0,0,0,0,0,0,0,0,0,0,0,0,0,0,0,0,0,0,0,0,0,0,0,0,0,0,0,0,0,0,0,0,0,0,0,0,0,0,0,0,0,0,0,0,0,0,0,0,0,0,0,0,0,0,0,0,0,0,0,0,0,0,0,0,0,0,0,0,0,0,0,0,0,0,0,0,0,0,0,0,0,0,0,0,0,0,0,0,0,0,0,0,0,0,0,0,0,0,0,0,0,0,0,0,0,0,0,0,0,0,0,0,0,0,0,0,0,0,0,0,0,0,0,0,0,0,0,0,0,0,0,0,0,0,0,0,0,0,0,0,0,0,0,0,0,0,0,0,0,0,0,0,0,0,0,0,0,0,0,0,0,0,0,0,0,0,0,0,0,0,0,0,0,0,0,0,0,0,0,0,0,0,0,0,0,0,0,0,0,0,0,0,0,0,0,0,0,0,0,0,0,0,0,0,0,0,0,0,0,0,0,0,0,0,0,0,0,0,0,0,0,0,0,0,0,0,0,0,0,0,0,0,0,0,0,0,0,0,0,0,0,0,0,0,0,0,0,0,0,0,0,0,0,0,0,0,0,0,0,0,0,0,0,0,0,0,0,0,0,0,0,0,0,0,0,0,0,0,0,0,0,0,0,0,0,0,0,0,0,0,0,0,0,0,0,0,0,0,0,0,0,0,0,0,0,0,0,0,0,0,0,0,0,0,0,0,0,0,0,0,0,0,0,0,0,0,0,0,0,0,0,0,0,0,0,0,0,0,0,0,0,0,0,0,0,0,0,0,0,0,0,0,0,0,0,0,0,0,0,0,0,0,0,0,0,0,0,0,0,0,0,0,0,0,0,0,0,0,0,0,0,0,0,0,0,0,0,0,0,0,0,0,0,0,0,0,0,0,0,0,0,0,0,0,0,0,0,0,0,0,0,0,0,0,0,0,0,0,0,0,0,0,0,0,0,0,0,0,0,0,0,0,0,0,0,0,0,0,0,0,0,0,0,0,0,0,0,0,0,0,0,0,0,0,0,0,0,0,0,0,0,0,0,0,0,0,0,0,0,0,0,0,0,0,0,0,0,0,0,0,0,0,0,0,0,0,0,0,0,0,0,0,0,0,0,0,0,0,0,0,0,0,0,0,0,0,0,0,0,0,0,0,0,0,0,0,0,0,0,0,0,0,0,0,0,0,0,0,0,0,0,0,0,0,0,0,0,0,0,0,0,0,0,0,0,0,0,0,0,0,0,0,0,0,0,0,0,0,0,0,0,0,0,0,0,0,0,0,0,0,0,0,0,0,0,0,0,0,0,0,0,0,0,0,0,0,0,0,0,0,0,0,0,0,0,0,0,0,0,0,0,0,0,0,0,0,0,0,0,0,0,0,0,0,0,0,0,0,0,0,0,0,0,0,0,0,0,0,0,0,0,0,0,0,0,0,0,0,0,0,0,0,0,0,0,0,0,0,0,0,0,0,0,0,0,0,0,0,0,0,0,0,0,0,0,0,0,0,0,0,0,0,0,0,0,0,0,0,0,0,0,0,0,0,0,0,0,0,0,0,0,0,0,0,0,0,0,0,0,0,0,0,0,0,0,0,0,0,0,0,0,0,0,0,0,0,0,0,0,0,0,0,0,0,0,0,0,0,0,0,0,0,0,0,0,0,0,0,0,0,0,0,0,0,0,0,0,0,0,0,0,0,0,0,0,0,0,0,0,0,0,0,0,0,0,0,0,0,0,0,0,0,0,0,0,0,0,0,0,0,0,0,0,0,0,0,0,0,0,0,0,0,0,0,0,0,0,0,0,0,0,0,0,0,0,0,0,0,0,0,0,0,0,0,0,0,0,0,0,0,0,0,0,0,0,0,0,0,0,0,0,0,0,0,0,0,0,0,0,0,0,0,0,0,0,0,0,0,0,0,0,0,0,0,0,0,0,0,0,0,0,0,0,0,0,0,0,0,0,0,0,0,0,0,0,0,0,0,0,0,0,0,0,0,0,0,0,0,0,0,0,0,0,0,0,0,0,0,0,0,0,0,0,0,0,0,0,0,0,0,0,0,0,0,0,0,0,0,0,0,0,0,0,0,0,0,0,0,0,0,0,0,0,0,0,0,0,0,0,0,0,0,0,0,0,0,0,0,0,0,0,0,0,0,0,0,0,0,0,0,0,0,0,0,0,0,0,0,0,0,0,0,0,0,0,0,0,0,0,0,0,0,0,0,0,0,0,0,0,0,0,0,0,0,0,0,0,0,0,0,0,0,0,0,0,0,0,0,0,0,0,0,0,0,0,0,0,0,0,0,0,0,0,0,0,0,0,0,0,0,0,0,0,0,0,0,0,0,0,0,0,0,0,0,0,0,0,0,0,0,0,0,0,0,0,0,0,0,0,0,0,0,0,0,0,0,0,0,0,0,0,0,0,0,0,0,0,0,0,0,0,0,0,0,0,0,0,0,0,0,0,0,0,0,0,0,0,0,0,0,0,0,0,0,0,0,0,0,0,0,0,0,0,0,0,0,0,0,0,0,0,0,0,0,0,0,0,0,0,0,0,0,0,0,0,0,0,0,0,0,0,0,0,0,0,0,0,0,0,0,0,0,0,0,0,0,0,0,0,0,0,0,0,0,0,0,0,0,0,0,0,0,0,0,0,0,0,0,0,0,0,0,0,0,0,0,0,0,0,0,0,0,0,0,0,0,0,0,0,0,0,0,0,0,0,0,0,0,0,0,0,0,0,0,0,0,0,0,0,0,0,0,0,0,0,0,
-8,4,32,37,16,-93,16,-26,-9,-3,7,-24,-8,-20,-28,15,-3,-7,-14,-16,23,7,0,7,18,-3,16,-34,-15,-37,-1,12,
-26,15,-31,20,-1,-85,-6,24,23,-54,-3,-13,-25,-13,-62,-25,-13,21,-7,1,-28,15,-4,-28,-42,-9,-18,7,24,-22,42,-5,
6,2,-27,-5,-23,56,5,-26,-28,-1,-29,-19,-13,-10,1,-8,10,-18,54,-36,-13,-33,9,0,-23,-37,15,24,7,-42,-13,-2,
4,8,12,18,-1,-43,-10,8,-25,16,6,-28,2,-2,28,-30,-26,-55,-10,-10,-19,25,4,-88,-33,-19,-33,31,7,22,-4,-41,
13,1,-19,-31,15,17,-4,-13,-13,-2,-17,-3,4,5,-32,-24,-23,-19,-1,2,-13,10,3,-28,-10,-4,8,3,-8,16,17,14,
-9,11,15,4,-1,12,7,-22,-6,16,-6,10,-41,12,28,24,-27,-16,-10,8,13,-5,0,9,0,20,-20,-2,14,-10,23,18,
4,-20,-8,54,9,60,0,6,-29,10,11,7,-20,-28,15,21,12,-1,2,21,24,26,24,-11,-40,-9,23,-12,-8,9,2,-6,
-17,-24,-6,8,-6,-4,9,-8,-30,11,-12,1,-14,12,-5,-41,-14,34,1,6,2,-1,-12,-13,21,25,-12,31,15,33,8,-21,
52,-24,34,-51,-47,-24,30,-25,46,33,-42,-22,14,-9,26,-45,-22,-44,-115,-6,-22,-23,-70,14,-21,-46,22,5,6,-19,-9,-19,
35,18,19,-15,-18,-8,16,23,20,10,12,11,-19,4,28,-19,-10,24,-39,11,-23,-3,-3,15,24,5,-1,8,-20,-15,-19,-16,
30,28,2,-7,-7,-30,-19,33,19,-12,-2,14,15,-16,-4,9,17,36,-2,13,-12,14,-32,8,-11,36,-16,-2,1,-33,-41,21,
17,33,27,-43,26,-40,-11,8,21,21,-19,-36,16,-15,-4,-35,-22,20,-50,-57,-26,24,-58,66,19,23,-4,16,7,-23,-42,38,
-75,-21,6,51,50,-72,9,5,14,-30,-7,-10,-1,-27,-16,43,-24,-44,-2,-20,-24,30,89,32,-40,18,-22,-31,15,-7,7,-4,
-14,-32,14,-18,14,120,-8,6,-5,-8,0,-31,-16,-11,-51,30,6,-40,70,-1,5,2,-22,-22,-4,-10,-12,-21,0,-3,26,3,
10,16,-24,-5,-11,-10,-26,-2,-12,-3,11,24,-7,21,-6,1,24,22,35,3,-1,-6,5,18,-9,19,-2,1,10,8,-32,-8,
8,13,-4,-13,4,8,19,20,-7,4,4,1,-18,-1,10,9,-4,13,-14,6,-3,-24,-21,9,19,18,15,4,-12,21,-5,13,
-11,2,-12,-43,18,-10,-7,27,-33,-18,11,-47,5,3,-26,-11,10,1,-13,-10,-21,-4,-6,15,16,-7,12,26,3,-24,11,21,
-25,9,-11,-16,-29,-34,-25,-34,-12,28,20,-38,-43,6,-12,5,-29,-26,-8,-54,-33,-1,56,-11,3,-25,-37,9,7,5,14,-14,
-32,11,-15,-25,-7,-1,7,9,-19,18,6,22,-42,19,-35,8,9,-2,34,-3,12,-17,2,-2,-13,-39,-9,-20,30,-25,40,-4,
35,-11,-22,-37,-27,-10,-30,-4,18,-13,4,35,-14,-3,-3,-18,11,49,32,43,30,-9,-38,8,-25,42,4,19,-35,10,-65,-12,
-31,-9,-1,-21,21,14,-35,11,-18,-21,-7,-55,16,-3,-38,27,11,19,25,-17,18,-6,-7,-30,9,7,20,-26,-16,-13,-16,10,
9,-3,51,-34,-30,-4,29,-6,43,6,-8,-25,-1,27,27,-57,0,-14,-72,35,-11,24,-89,33,7,15,-24,1,-7,3,-14,8,
13,15,4,25,-31,-23,-19,6,-23,-15,15,-44,26,-14,-9,21,9,-16,9,-29,-20,9,26,-42,1,14,29,-10,-11,20,36,-10,
1,10,23,-30,-26,6,19,4,-19,27,0,22,-3,22,3,-44,20,-27,22,47,15,-29,-31,-46,11,-16,13,-3,-7,-11,31,-4,
-4,15,-14,0,12,-55,10,-16,-32,-14,26,-6,27,-24,11,3,-5,7,-10,-19,18,2,11,-3,-3,-16,-26,22,-12,22,-15,24,
25,1,35,-30,32,-39,25,-16,44,8,-21,27,4,-27,-2,-4,20,40,-42,32,-9,26,-31,30,24,34,-9,-20,-1,-10,9,1,
-25,-30,-38,22,-22,19,25,7,6,16,-36,-25,-28,30,6,17,33,-43,24,-34,28,-22,22,-15,-37,-31,-21,-52,10,17,-5,-31,
-17,-16,56,20,-28,-26,-3,-14,12,-20,-12,-20,-13,18,19,-22,-35,-24,-61,-40,4,28,-27,30,-2,17,-16,-1,-24,-36,0,13,
-28,-13,2,7,-3,-19,-3,-24,6,8,-16,-29,-35,20,23,12,-17,-23,27,-16,-20,-37,53,-21,-16,19,17,-2,32,-17,19,-15,
12,3,-12,3,-12,-10,3,14,12,17,8,10,11,9,18,-9,-5,12,-29,-23,25,-1,-12,-8,4,11,-17,1,4,-4,1,-11,
-4,12,-2,-34,-31,13,22,-4,26,33,-8,-19,-1,2,-8,-40,5,-1,-42,36,-22,15,-9,47,-1,9,-62,24,-13,-7,-12,19,
-13,4,-17,-4,0,-17,7,-10,36,8,-17,20,7,21,16,0,-15,-31,-9,-7,0,-13,-24,22,-22,-18,-35,-10,5,-38,-41,17,
-17,23,-37,2,-11,-18,-30,15,-23,5,20,40,30,-19,-44,-32,7,12,-29,-34,-9,-22,-19,-4,19,26,-9,6,-17,1,-14,29,
-17,21,-11,-17,9,-5,11,-12,-14,-23,-17,-30,25,-25,-4,15,-13,28,41,-21,-27,-24,27,46,4,31,-2,3,-17,-4,21,20,
25,16,-4,-11,8,-22,22,-22,-4,6,8,-16,-7,-28,28,-8,-7,-5,-26,-21,23,9,22,-1,37,21,9,-6,-8,-9,-15,-13,
3,20,-21,1,6,-13,-8,1,-15,-9,24,6,3,11,-4,5,1,-21,23,-12,8,-23,36,-6,-5,-3,-2,-3,4,4,12,-29,
-21,-16,-13,19,-37,-14,9,-24,18,4,18,-28,-8,16,33,-17,22,-55,7,29,4,17,1,7,-28,-8,-43,6,21,35,-28,-28,
32,8,-6,31,-3,-10,-23,15,-23,-6,7,-7,14,-9,-15,22,-24,32,-35,-4,19,-24,13,29,10,33,14,19,-29,10,-42,-3,
17,-20,-3,-11,10,-6,24,4,29,0,7,27,-1,3,-2,16,24,36,-40,8,-1,10,-37,18,-9,23,-6,-17,20,-19,-15,27,
-34,-8,-8,1,10,19,3,-18,9,-8,16,19,-42,-25,10,-17,-33,-25,21,-14,13,-2,-14,6,-18,3,1,-23,-3,7,1,-26,
15,0,2,-2,-7,-75,-1,-28,-6,27,31,-38,-40,-16,5,-9,-36,-54,-3,48,-8,24,-1,-40,-3,-43,2,21,6,49,14,-19,
-8,12,-23,12,19,15,14,-15,-6,-7,4,1,-12,-9,-18,16,-2,17,21,-23,-19,6,9,-6,-2,-13,-14,22,27,-8,23,-15,
-18,12,-5,-12,-4,-27,-6,-25,9,12,-20,36,38,17,-7,-42,12,25,-38,-63,15,35,-35,29,14,-15,-37,-30,-1,-20,-5,32,
23,7,40,-7,3,-25,9,-28,-25,-31,12,-34,-4,16,-18,-3,-23,-4,-23,4,3,-46,33,-45,23,12,0,-19,-19,3,-11,-3,
8,-5,-1,-33,-37,41,-12,16,7,6,-13,-4,29,-11,14,3,-15,20,-10,-11,3,-3,-31,-24,-11,-18,8,32,16,-23,-5,9,
-34,-8,21,-1,-35,-28,10,19,2,3,-3,-48,4,-17,13,-36,-15,19,1,-32,-22,6,-18,-12,-22,-9,-23,22,19,-12,10,-7,
-28,22,-32,0,-2,-14,-19,7,-11,8,-5,27,-25,-1,-13,-32,-3,23,-19,73,22,-11,-28,-40,-18,23,6,16,-7,21,18,-29,
-7,-2,-3,9,7,-60,-29,-7,-24,0,10,-37,-23,3,11,32,-34,46,-51,-15,6,-27,39,-41,-14,-22,-11,2,-8,-34,-31,-12,
-13,-13,26,-16,-5,23,-13,-7,40,36,27,-13,-41,-5,-5,-15,-26,5,33,4,-9,-24,-5,22,-16,-43,-32,22,-4,-51,21,5,
7,-5,14,7,-22,-6,-17,2,12,-11,13,47,4,7,-13,-3,-24,12,3,21,-22,13,-21,-23,-23,-2,-17,-32,5,-7,-23,15,
15,15,-14,-14,-10,-6,-24,-9,-30,-2,-4,-5,-7,12,1,-4,-20,-35,13,15,13,-36,1,-21,-8,7,-1,21,14,19,5,3,
24,6,7,-19,0,16,8,17,37,3,33,46,-13,-6,-31,-28,19,22,12,9,-13,22,11,34,-20,9,-34,6,-27,-10,3,29,
-30,-3,26,0,38,-46,8,-41,15,-25,-12,13,6,-8,-44,-8,-21,-46,-49,-41,12,9,11,22,15,-22,2,-43,10,-4,-19,8,
-10,-7,-28,-20,-6,2,-8,-8,-3,2,21,25,-22,-11,-19,7,-4,-7,30,11,-4,-18,36,11,-7,16,-3,12,-27,24,23,5,
22,5,32,10,-1,-11,-10,-1,-4,3,17,-18,21,8,18,17,-6,-34,-39,17,9,34,21,-26,9,-9,18,-6,1,43,8,-17,
4,8,14,11,35,-22,10,-4,-11,-28,12,8,-10,1,-13,-7,9,40,-12,-9,-14,-20,23,-21,-5,-22,-25,-21,-12,-27,-20,21,
-7,21,-2,25,-20,-44,-14,-8,14,-19,8,16,-4,6,5,-6,-2,18,-37,3,0,26,-42,24,0,29,19,-22,0,24,-20,17,
28,-10,22,-35,16,-17,-23,6,-5,12,25,25,-18,-10,-6,20,-23,7,-7,45,4,-19,-13,-32,-37,20,15,-13,-23,35,-57,-13,
-2,20,29,38,-11,11,-4,9,-31,-10,8,-29,28,-4,-6,2,-2,-12,17,-9,-4,-6,41,2,24,-10,-11,27,-16,24,-3,-21,
-20,6,27,20,21,-42,-29,-2,2,0,19,13,-2,-10,-16,37,16,4,-16,-12,-18,5,27,-45,5,-23,11,8,-22,-7,22,-16,
-3,-21,-3,-1,-1,2,-29,-34,18,-5,9,-32,10,25,-23,-41,-24,-12,33,-35,9,23,-17,49,-34,9,-48,-16,27,-19,14,17,
3,7,-26,-12,-12,-48,-29,17,0,-29,-31,-14,9,22,-31,-41,7,33,-16,-30,9,-18,-24,-36,-4,-12,-15,21,22,-2,3,-24,
21,-10,62,-82,27,115,-28,-38,27,-11,17,-52,-62,-40,-17,-23,-1,-54,31,-55,-9,-16,17,-25,-23,-63,-6,-23,-39,-50,40,-50,
15,14,19,-13,4,-9,21,2,12,-21,3,16,-26,-7,-10,-36,-8,23,-12,6,-29,21,-15,32,-8,-27,-23,-9,-13,-16,5,26,
-12,8,21,0,-8,9,5,-12,-6,-9,-23,-8,24,5,-5,4,-25,-9,-28,-9,0,-27,-7,13,-17,34,-7,-1,6,-16,2,-15,1,-2,1,25,-6,8,-15,16,-14,-6,0,0,-2,9,-5,11,9,15,-13,30,-4,-16,-8,-8,-7,7,-16,19,4,14,-17,8,
24,5,0,14,2,4,6,-2,4,4,-28,1,-30,-1,-4,-4,-4,1,5,21,9,-1,-11,-3,-17,-45,4,-2,10,14,-6,-20,7,-3,7,-11,-8,-7,-6,-9,17,-4,-13,-7,-8,0,-5,14,4,-4,-18,4,-4,1,-1,-8,-7,-6,-4,23,4,6,0,-5,
-33,16,-15,-15,-3,8,12,-26,3,3,4,-7,37,-12,23,2,-16,-3,18,8,-12,-29,-5,-12,7,-11,15,10,19,0,-18,-40,2,0,3,-13,22,0,-2,9,-4,-25,-14,-13,-35,-11,-19,-24,-17,4,12,-9,12,2,10,-8,8,-9,-17,18,-4,13,-3,-4,
-20,12,-30,1,-11,-4,3,15,-10,7,-15,-26,-29,16,-15,-11,13,1,-13,3,-5,16,4,18,8,-3,-3,-6,-6,11,-13,13,-15,0,10,-41,9,15,6,-16,-11,-1,0,-16,13,12,0,-8,17,9,-9,38,-5,-1,2,-6,-18,14,-1,-29,-18,9,8,-18,
13,-15,-45,-19,-8,-32,5,13,10,-4,-24,-33,-54,4,3,8,-10,-12,-28,-25,1,-5,7,10,6,50,-8,-16,6,-4,-10,-4,-14,-10,-6,-9,-21,-6,2,14,0,5,10,-13,-6,13,-14,9,-12,1,-29,54,-16,-25,4,16,-14,12,-14,-37,0,-9,-5,6,
13,4,-14,3,-1,-9,-19,11,21,7,14,-17,8,10,-17,8,-10,-15,4,12,2,-7,-1,-19,6,-15,25,-16,-2,-12,-1,12,2,0,-11,9,-1,14,5,7,-9,13,-6,4,18,-2,-28,-1,-6,15,-3,-27,13,-25,-3,-1,10,-2,-6,-24,-1,-12,-2,2,
33,-8,6,8,15,5,11,-2,-6,0,-29,-2,21,-10,-14,12,-20,2,-2,1,-17,-35,-1,-13,-10,35,-8,-13,9,-2,18,-14,-10,8,-12,3,-6,-9,-5,2,-6,-6,-18,16,6,-5,-14,-14,8,6,-9,0,7,-11,11,21,10,9,-5,24,3,13,-6,-7,
-29,17,-1,-12,-8,10,5,-24,-2,-17,21,12,8,9,-5,-9,-14,-3,-3,-2,22,13,-12,-14,-4,3,-4,-9,-6,-17,17,-30,1,3,1,-12,-10,-7,-8,9,-22,28,-4,-14,-10,9,-12,6,1,-12,12,-59,11,-18,-12,-12,13,-20,2,9,-8,10,4,9,
-22,12,-4,1,4,21,-12,-12,-15,13,12,12,-34,-1,11,-5,23,16,-5,0,8,-49,9,1,-10,-24,9,-8,1,-10,-7,7,-10,-4,9,-46,5,-6,-2,-5,-6,11,-7,-33,2,-10,-20,9,3,-20,-5,2,2,-30,-11,17,-17,13,-12,-26,-19,-4,12,-8,
-7,14,-25,-6,-1,10,-12,1,-25,1,4,20,32,12,-5,11,8,9,-36,1,8,-16,-4,-6,2,32,-11,13,-13,-21,11,0,6,-12,6,-41,-17,3,3,-8,-4,-16,-25,-25,11,-4,2,-4,13,-23,-2,37,10,-13,11,11,-21,6,0,-22,-6,6,10,-7,
-26,9,-19,-4,17,-2,-3,21,-8,11,-39,-34,56,-12,6,0,-7,8,-7,-16,4,-4,18,14,-15,43,-6,-24,-5,3,-15,-9,5,0,3,-17,-13,-1,9,17,15,22,6,-3,3,-1,-9,-32,-6,21,-18,43,-11,-24,-4,2,-4,-8,-3,13,-32,17,-14,12,
28,3,-6,8,-19,25,-3,0,12,7,-22,3,21,-9,-11,-2,-24,-9,3,5,10,3,-8,-4,-19,37,20,-14,-1,10,10,-32,-16,0,-16,-2,-1,-11,10,-1,16,3,0,8,23,-10,10,4,0,-5,-5,-16,10,-10,-13,-11,6,5,8,-2,6,-11,-16,-14,
-40,-13,-66,-6,-9,18,3,-12,-20,3,-15,0,12,5,13,1,-53,2,-11,0,13,35,-8,-7,-4,53,-9,8,-16,-2,-10,-25,-20,-16,0,-21,11,16,2,8,-8,18,7,-28,-52,0,-4,18,5,9,1,19,7,-21,12,7,-19,16,-8,-55,-9,7,-6,-17,
-31,11,-6,-15,2,22,-6,7,-7,7,20,-5,-44,-16,7,8,7,-7,-7,3,-5,24,9,17,-6,21,0,5,-14,-10,9,2,2,-3,7,-46,-11,11,6,9,-17,-4,11,-5,-11,-15,16,-8,11,-15,-16,5,4,11,1,-15,-11,8,2,-30,-8,2,10,-10,
-13,7,-6,12,-1,26,-9,2,-21,7,-11,-16,-74,-24,-2,-7,5,0,-21,17,-8,21,2,7,4,-20,27,4,-13,-18,-14,-20,0,-14,-10,-47,6,1,18,-9,-12,4,19,-12,22,-16,14,-7,12,13,-23,-29,1,2,12,18,-24,-4,7,-18,8,13,1,-9,
34,-20,-3,4,0,-22,6,3,-23,1,-44,-23,31,-17,-8,-8,-35,-12,-2,13,-16,-31,-14,8,-21,-14,-9,-24,-14,10,-10,-39,8,-5,12,34,-25,5,8,0,3,-33,10,19,25,-10,-16,-15,-14,25,-27,-23,-3,27,-8,12,-40,-9,9,-3,19,-10,-6,-10,
-28,12,-15,3,12,36,6,-7,-3,-10,2,-10,30,9,-8,4,12,-17,-24,-11,7,11,-15,5,1,2,-4,17,-8,-3,-6,12,-14,6,7,-72,-10,11,-3,8,2,2,-7,-37,20,-21,-14,-6,-11,-20,2,-20,14,-3,-8,7,-16,0,-13,-44,-5,-7,-2,10,
-33,7,-2,-4,-5,15,11,13,-5,-7,26,-10,44,-6,3,15,5,2,4,-5,20,-8,-15,-3,-1,14,34,18,11,0,7,0,5,-6,-2,14,-11,-14,-2,-7,-4,14,-5,-14,9,-5,-1,-7,2,-23,-5,-46,-2,0,-2,-18,13,10,-14,12,7,2,2,-11,
-14,1,-5,-17,2,14,-14,6,4,-14,40,-11,41,3,-4,-3,23,0,-9,4,23,27,-26,-22,4,3,47,-3,1,-42,12,12,-12,-14,21,-19,-7,-5,4,-22,-7,34,-3,-33,25,-9,-4,-17,8,1,14,-50,-13,-5,-15,6,-14,-41,25,-58,1,-7,2,17,
-34,17,29,-12,13,-33,-1,-38,2,10,-36,10,50,-11,-9,-5,-14,-19,10,9,16,-83,13,15,-50,-26,11,0,3,11,-13,-21,-17,-16,-11,1,1,-14,-2,20,2,15,-13,-33,-10,11,1,1,-18,9,-4,-47,-5,18,-3,-27,-3,5,-27,36,4,8,-11,-8,
-45,16,-12,2,10,-8,9,5,8,-15,21,-15,1,3,4,4,1,7,4,5,6,-10,7,-13,-1,-8,-5,-7,1,-13,-14,-20,-4,8,6,1,17,-13,-3,-3,7,-9,-13,-3,-18,3,-11,7,8,-5,-22,-42,-13,8,-2,-9,-14,-6,-6,1,0,-9,-5,5,
-15,12,-3,9,4,12,10,-10,3,3,-4,-4,47,0,11,10,-15,4,-15,-1,-5,-29,-8,-7,-19,-56,10,-5,14,8,-1,-13,9,-8,9,24,14,1,4,14,9,-3,3,-16,-21,8,0,4,2,-16,-1,-29,-3,10,-15,10,-10,4,13,21,-11,5,-16,1,
-19,1,-11,3,15,4,0,-12,14,1,19,-2,26,-3,13,-1,3,7,41,-4,-17,-13,-3,-14,0,-15,-4,-15,-11,21,0,-13,8,7,1,6,12,-1,-8,8,11,-7,1,-11,0,-9,-17,3,10,9,18,15,11,-21,-16,-4,5,-9,9,-5,-2,-15,1,12,
-12,-10,-53,4,-10,20,9,-7,-3,-11,17,-11,-48,0,-11,0,-19,3,-3,-2,14,24,5,0,-12,43,13,4,3,-16,13,-15,-12,-16,13,4,-7,-13,6,-6,-16,10,-1,-21,-7,6,4,-5,1,5,-12,-36,-15,-9,-2,-5,-11,-8,-8,-25,-1,13,14,-16,
39,-16,-21,15,-19,-9,5,-10,3,1,-22,-16,-59,0,-10,-7,-5,6,-1,4,-20,-4,10,-5,-8,15,11,-2,2,3,-12,13,-11,-15,6,3,-9,6,15,-4,1,-8,-5,-21,-7,-15,12,-4,-6,9,-5,57,8,-39,-8,2,6,4,15,-9,11,10,-9,1,
-17,17,-8,-4,-10,10,12,-12,-3,-7,5,4,6,-15,-5,-1,-1,-17,-5,-3,-12,-32,-1,9,-2,36,-10,-5,3,0,-8,-5,-4,-11,6,-6,-6,8,5,19,8,-9,-6,-7,13,4,-5,9,-1,4,-12,26,4,-29,-8,11,-7,12,6,11,-1,2,15,-7,
7,-8,-26,6,0,3,-1,-5,-3,14,2,-16,-13,-4,-17,-20,-22,-17,-21,-2,3,-35,15,-8,-27,-127,-18,-20,3,8,8,21,-7,-9,18,6,4,16,7,-14,7,-15,3,-28,-25,9,-14,-1,-6,17,7,6,-8,-62,1,-4,8,-4,-1,-20,-8,6,9,8,
-50,-8,-20,-30,-15,9,16,-15,-21,5,1,3,39,-17,12,6,-39,-14,-14,-1,3,-14,-8,-19,-9,16,-5,-8,-11,-7,-3,-2,-9,5,-26,-28,-6,-2,-2,-9,-2,1,-5,0,-9,18,-9,-19,11,24,22,0,-4,10,8,3,-20,-7,-26,-5,-17,-5,8,-3,
9,3,26,12,15,-13,-4,22,-13,-12,14,3,-22,-28,-7,0,-13,-5,-30,-29,-18,-5,-21,-17,2,-68,7,12,8,5,5,2,-7,-10,2,22,5,0,-8,-15,1,1,-30,8,23,5,-21,-1,2,3,-5,-8,-2,-31,-11,7,6,0,-15,24,4,-7,-14,9,
-41,-7,-9,-13,1,21,-16,-14,-7,5,25,4,-3,-4,-8,-11,12,6,1,0,4,-15,-1,-7,16,-63,-14,19,-13,4,-9,-6,9,16,0,-35,-14,-22,10,1,7,-47,-6,9,-9,-23,3,-17,5,-26,30,-39,-2,7,20,-7,-28,1,-10,12,4,-22,26,16,
1,-7,16,2,-1,25,6,7,9,-6,-15,21,-14,22,3,-8,-5,10,-11,-10,6,-11,3,-17,18,-6,12,-6,-8,-9,14,10,9,-2,-11,27,1,-38,13,-4,-19,9,1,6,20,-11,-3,-2,-4,-10,3,-38,-8,-10,2,-16,20,-20,-16,-13,5,10,-1,8,
13,-14,-21,0,15,-34,-16,18,14,13,10,3,-49,-11,-10,11,-18,14,23,13,7,17,13,-9,6,46,1,-3,7,11,4,-3,10,3,-10,-1,15,15,-13,10,3,-3,-4,-2,-2,16,-12,-5,9,22,0,19,13,-24,6,7,7,1,19,-6,-4,6,11,-3,
-18,12,23,-30,32,21,-41,-4,-15,23,-18,-2,17,-21,12,55,-18,24,-21,9,13,-9,-18,127,6,34,-78,-7,47,-69,-23,25,
-10,-46,-31,46,-4,-10,-21,-1,7,26,-5,18,38,-68,-21,43,37,-41,-22,9,-7,18,6,19,12,13,-31,55,16,-8,-35,45,
30,6,11,-32,-42,-6,-20,-1,29,-52,34,32,-20,6,25,11,-32,-35,21,-11,-18,-42,18,9,37,42,18,-33,58,-6,-24,-46,
-33,32,-12,-57,23,15,3,-15,46,-25,-7,-11,9,2,6,-7,23,-37,18,30,16,43,3,1,42,-19,-65,8,65,18,-32,57,
-8,18,23,13,-30,-30,-28,-18,43,27,-6,-20,37,38,-2,-33,-17,1,-46,7,-17,-27,-18,-28,5,-45,-67,-44,8,-8,-26,-7,
20,18,-6,27,14,11,5,8,-42,-72,-21,13,-23,18,-18,44,-5,-16,71,-5,15,-42,-28,3,-13,-28,-8,19,-6,-6,-21,-11,
0,0,0,0,0,0,0,0,0,0,0,0,0,0,0,0,0,0,0,0,0,0,0,0,0,0,0,0,0,0,0,0,
0,0,0,0,0,0,0,0,0,0,0,0,0,0,0,0,0,0,0,0,0,0,0,0,0,0,0,0,0,0,0,0,
0,0,0,0,0,0,0,0,0,0,0,0,0,0,0,0,0,0,0,0,0,0,0,0,0,0,0,0,0,0,0,0,0,0,0,0,0,0,0,0,0,0,0,0,0,0,0,0,0,0,0,0,0,0,0,0,0,0,0,0,0,0,0,0,0,0,0,0,0,0,0,0,0,0,0,0,0,0,0,0,0,0,0,0,0,0,0,0,0,0,0,0,0,0,0,0,0,0,0,0,0,0,0,0,0,0,0,0,0,0,0,0,0,0,0,0,0,0,0,0,0,0,0,0,0,0,0,0,0,0,0,0,0,0,0,0,0,0,0,0,0,0,0,0,0,0,0,0,0,0,0,0,0,0,0,0,0,0,0,0,0,0,0,0,0,0,0,0,0,0,0,0,0,0,0,0,0,0,0,0,0,0,0,0,0,0,0,0,0,0,0,0,0,0,0,0,0,0,0,0,0,0,0,0,0,0,0,0,0,0,0,0,0,0,0,0,0,0,0,0,0,0,0,0,0,0,0,0,0,0,0,0,0,0,0,0,0,0,0,0,0,0,0,0,0,0,0,0,0,0,0,0,0,0,0,0,0,0,0,0,0,0,0,0,0,0,0,0,0,0,0,0,0,0,0,0,0,0,0,0,0,0,0,0,0,0,0,0,0,0,0,0,0,0,0,0,0,0,0,0,0,0,0,0,0,0,0,0,0,0,0,0,0,0,0,0,0,0,0,0,0,0,0,0,0,0,0,0,0,0,0,0,0,0,0,0,0,0,0,0,0,0,0,0,0,0,0,0,0,0,0,0,0,0,0,0,0,0,0,0,0,0,0,0,0,0,0,0,0,0,0,0,0,0,0,0,0,0,0,0,0,0,0,0,0,0,0,0,0,0,0,0,0,0,0,0,0,0,0,0,0,0,0,0,0,0,0,0,0,0,0,0,0,0,0,0,0,0,0,0,0,0,0,0,0,0,0,0,0,0,0,0,0,0,0,0,0,0,0,0,0,0,0,0,0,0,0,0,0,0,0,0,0,0,0,0,0,0,0,0,0,0,0,0,0,0,0,0,0,0,0,0,0,0,0,0,0,0,0,0,0,0,0,0,0,0,0,0,0,0,0,0,0,0,0,0,0,0,0,0,0,0,0,0,0,0,0,0,0,0,0,0,0,0,0,0,0,0,0,0,0,0,0,0,0,0,0,0,0,0,0,0,0,0,0,0,0,0,0,0,0,0,0,0,0,0,0,0,0,0,0,0,0,0,0,0,0,0,0,0,0,0,0,0,0,0,0,0,0,0,0,0,0,0,0,0,0,0,0,0,0,0,0,0,0,0,0,0,0,0,0,0,0,0,0,0,0,0,0,0,0,0,0,0,0,0,0,0,0,0,0,0,0,0,0,0,0,0,0,0,0,0,0,0,0,0,0,0,0,0,0,0,0,0,0,0,0,0,0,0,0,0,0,0,0,0,0,0,0,0,0,0,0,0,0,0,0,0,0,0,0,0,0,0,0,0,0,0,0,0,0,0,0,0,0,0,0,0,0,0,0,0,0,0,0,0,0,0,0,0,0,0,0,0,0,0,0,0,0,0,0,0,0,0,0,0,0,0,0,0,0,0,0,0,0,0,0,0,0,0,0,0,0,0,0,0,0,0,0,0,0,0,0,0,0,0,0,0,0,0,0,0,0,0,0,0,0,0,0,0,0,0,0,0,0,0,0,0,0,0,0,0,0,0,0,0,0,0,0,0,0,0,0,0,0,0,0,0,0,0,0,0,0,0,0,0,0,0,0,0,0,0,0,0,0,0,0,0,0,0,0,0,0,0,0,0,0,0,0,0,0,0,0,0,0,0,0,0,0,0,0,0,0,0,0,0,0,0,0,0,0,0,0,0,0,0,0,0,0,0,0,0,0,0,0,0,0,0,0,0,0,0,0,0,0,0,0,0,0,0,0,0,0,0,0,0,0,0,0,0,0,0,0,0,0,0,0,0,0,0,0,0,0,0,0,0,0,0,0,0,0,0,0,0,0,0,0,0,0,0,0,0,0,0,0,0,0,0,0,0,0,0,0,0,0,0,0,0,0,0,0,0,0,0,0,0,0,0,0,0,0,0,0,0,0,0,0,0,0,0,0,0,0,0,0,0,0,0,0,0,0,0,0,0,0,0,0,0,0,0,0,0,0,0,0,0,0,0,0,0,0,0,0,0,0,0,0,0,0,0,0,0,0,0,0,0,0,0,0,0,0,0,0,0,0,0,0,0,0,0,0,0,0,0,0,0,0,0,0,0,0,0,0,0,0,0,0,0,0,0,0,0,0,0,0,0,0,0,0,0,0,0,0,0,0,0,0,0,0,0,0,0,0,0,0,0,0,0,0,0,0,0,0,0,0,0,0,0,0,0,0,0,0,0,0,0,0,0,0,0,0,0,0,0,0,0,0,0,0,0,0,0,0,0,0,0,0,0,0,0,0,0,0,0,0,0,0,0,0,0,0,0,0,0,0,0,0,0,0,0,0,0,0,0,0,0,0,0,0,0,0,0,0,0,0,0,0,0,0,0,0,0,0,0,0,0,0,0,0,0,0,0,0,0,0,0,0,0,0,0,0,0,0,0,0,0,0,0,0,0,0,0,0,0,0,0,0,0,0,0,0,0,0,0,0,0,0,0,0,0,0,0,0,0,0,0,0,0,0,0,0,0,0,0,0,0,0,0,0,0,0,0,0,0,0,0,0,0,0,0,0,0,0,0,0,0,0,0,0,0,0,0,0,0,0,0,0,0,0,0,0,0,0,0,0,0,0,0,0,0,0,0,0,0,0,0,0,0,0,0,0,0,0,0,0,0,0,0,0,0,0,0,0,0,0,0,0,0,0,0,0,0,0,0,0,0,0,0,0,0,0,0,0,0,0,0,0,0,0,0,0,0,0,0,0,0,0,0,0,0,0,0,0,0,0,0,0,0,0,0,0,0,0,0,0,0,0,0,0,0,0,0,0,0,0,0,0,0,0,0,0,0,0,0,0,0,0,0,0,0,0,0,0,0,0,0,0,0,0,0,0,0,0,0,0,0,0,0,0,0,0,0,0,0,0,0,0,0,0,0,0,0,0,0,0,0,0,0,0,0,0,0,0,0,0,0,0,0,0,0,0,0,0,0,0,0,0,0,0,0,0,0,0,0,0,0,0,0,0,0,0,0,0,0,0,0,0,0,0,0,0,0,0,0,0,0,0,0,0,0,0,0,0,0,0,0,0,0,0,0,0,0,0,0,0,0,0,0,0,0,0,0,0,0,0,0,0,0,0,0,0,0,0,0,0,0,0,0,0,0,0,0,0,0,0,0,0,0,0,0,0,0,0,0,0,0,0,0,0,0,0,0,0,0,0,0,0,0,0,0,0,0,0,0,0,0,0,0,0,0,0,0,0,0,0,0,0,0,0,0,0,0,0,0,0,0,0,0,0,0,0,0,0,0,0,0,0,0,0,0,0,0,0,0,0,0,0,0,0,0,0,0,0,0,0,0,0,0,0,0,0,0,0,0,0,0,0,0,0,0,0,0,0,0,0,0,0,0,0,0,0,0,0,0,0,0,0,0,0,0,0,0,0,0,0,0,0,0,0,0,0,0,0,0,0,0,0,0,0,0,0,0,0,0,0,0,0,0,0,0,0,0,0,0,0,0,0,0,0,0,0,0,0,0,0,0,0,0,0,0,0,0,0,0,0,0,0,0,0,0,0,0,0,0,0,0,0,0,0,0,0,0,0,0,0,0,0,0,0,0,0,0,0,0,0,0,0,0,0,0,0,0,0,0,0,0,0,0,0,0,0,0,0,0,0,0,0,0,0,0,0,0,0,0,0,0,0,0,0,0,0,0,0,0,0,0,0,0,0,0,0,0,0,0,0,0,0,0,0,0,0,0,0,0,0,0,0,0,0,0,0,0,0,0,0,0,0,0,0,0,0,0,0,0,0,0,0,0,0,0,0,0,0,0,0,0,0,0,0,0,0,0,0,0,0,0,0,0,0,0,0,0,0,0,0,0,0,0,0,0,0,0,

};